Procedure Summary

Plate Type	Costar 96 black opaque
Read	Read:  FRET Read (F) 280,350, 280,480, 350,480

Data Reduction Summary

Transformation	Fret1

FRET Read:280,350
	1	2	3	4	5	6	7	8	9	10	11	12
A	44843	7579	4856	5387	5528	38051	6387	4256	4243	4116	8677	7690	FRET Read:280,350
B	48604	8006	5109	5809	6012	45821	7461	4979	5338	5478	6596	4759	FRET Read:280,350
C	48347	8085	5410	5766	5799	46153	7989	5117	5696	5756	5963	5105	FRET Read:280,350
D	49204	8132	5228	5794	5775	49821	7902	5126	5797	6104	5458	5322	FRET Read:280,350
E	49104	8207	5299	5852	5764	49009	10895	5293	5844	6021	5476	5216	FRET Read:280,350
F	49630	8119	5167	5889	5691	49893	7837	5437	5641	5850	5229	5304	FRET Read:280,350
G	48345	8305	5294	5743	5585	6797	4773	5053	5837	5852	5122	5088	FRET Read:280,350
H	48119	8093	5501	5905	6017	7847	4681	5097	5927	6000	5182	5029	FRET Read:280,350

FRET Read:280,480
	1	2	3	4	5	6	7	8	9	10	11	12
A	23731	3161	1587	1365	1713	48853	8031	6818	6299	10589	13874	906	FRET Read:280,480
B	11530	2020	1322	1356	1147	24429	4536	2483	2193	1875	6432	827	FRET Read:280,480
C	7105	1638	1206	1209	1252	13643	2694	1724	1571	1442	3746	801	FRET Read:280,480
D	4945	1449	1210	1161	1150	6818	1922	1462	1305	1263	1987	807	FRET Read:280,480
E	4107	1393	1178	1142	1129	4692	2344	1363	1254	1241	1374	772	FRET Read:280,480
F	3346	1350	1173	1268	1102	3996	1507	1382	1148	1199	1037	832	FRET Read:280,480
G	3080	1371	1183	1308	1200	1259	1116	958	1200	1143	937	752	FRET Read:280,480
H	2673	1175	1086	1159	1213	1329	1111	967	1211	1187	858	762	FRET Read:280,480

FRET Read:350,480
	1	2	3	4	5	6	7	8	9	10	11	12
A	36450	7510	6457	6054	6741	47208	10748	11480	10273	15919	37915	3231	FRET Read:350,480
B	17958	5177	4930	5030	4626	23124	7430	5992	5228	4850	17467	3000	FRET Read:350,480
C	10859	4814	4551	4574	4184	31612	5721	4585	4828	4384	9594	2615	FRET Read:350,480
D	8312	4259	4265	4208	4142	8687	4566	4659	4081	4168	6169	2959	FRET Read:350,480
E	6270	3826	4041	4199	4274	5731	5461	4042	4149	4139	4293	2490	FRET Read:350,480
F	5322	3994	3880	4518	3987	5249	4136	4348	3917	3914	3153	2969	FRET Read:350,480
G	4740	4102	4054	5387	4114	3198	3006	3062	3827	4034	2861	2812	FRET Read:350,480
H	4166	3853	3965	3787	4073	3549	3026	3142	4151	4245	2645	2724	FRET Read:350,480

Fret1
	1	2	3	4	5	6	7	8	9	10	11	12
A	0.346	0.294	0.246	0.202	0.237	0.562	0.557	0.616	0.598	0.72	0.615	0.105	Fret1
B	0.192	0.201	0.206	0.189	0.16	0.348	0.378	0.333	0.291	0.255	0.494	0.148	Fret1
C	0.128	0.168	0.182	0.173	0.178	0.228	0.252	0.252	0.216	0.2	0.386	0.136	Fret1
D	0.091	0.151	0.188	0.167	0.166	0.12	0.196	0.222	0.184	0.171	0.267	0.132	Fret1
E	0.077	0.145	0.182	0.163	0.164	0.087	0.177	0.205	0.177	0.171	0.201	0.129	Fret1
F	0.063	0.143	0.185	0.177	0.162	0.074	0.161	0.203	0.169	0.17	0.165	0.136	Fret1
G	0.06	0.142	0.183	0.186	0.177	0.156	0.19	0.159	0.171	0.163	0.155	0.129	Fret1
H	0.053	0.127	0.165	0.164	0.168	0.145	0.192	0.159	0.17	0.165	0.142	0.132	Fret1

