Procedure Summary

Plate Type	Costar 96 black opaque
Read	Read:  FRET Read (F) 280,350, 280,480, 350,480

Data Reduction Summary

Transformation	Fret1

FRET Read:280,350
	1	2	3	4	5	6	7	8	9	10	11	12
A	45030	21473	19599	21500	21887	31763	18369	16759	16591	16333	37160	47922	FRET Read:280,350
B	48683	22372	21510	23424	23946	42761	21268	19469	20343	19475	31227	22259	FRET Read:280,350
C	49435	23290	22516	22243	22982	45032	21355	20736	21666	22092	27360	22986	FRET Read:280,350
D	48476	23504	21840	23591	23777	46364	22550	21999	23087	24545	25356	24384	FRET Read:280,350
E	48713	24181	22608	23797	22826	47471	22052	21651	22751	23355	24216	24846	FRET Read:280,350
F	49497	22471	22525	22743	23042	49444	22482	22309	22651	23033	25353	26643	FRET Read:280,350
G	47714	22517	22746	23357	22736	51042	23260	21891	23977	24121	25998	25793	FRET Read:280,350
H	48373	22143	21667	23591	23369	50496	24412	24218	24271	24424	27125	26099	FRET Read:280,350

FRET Read:280,480
	1	2	3	4	5	6	7	8	9	10	11	12
A	37505	10081	9645	9194	9111	76700	27754	33459	32854	31677	87205	6403	FRET Read:280,480
B	23508	8334	7609	6934	6174	47189	18634	17436	20292	20390	49712	5701	FRET Read:280,480
C	15120	7371	6252	6574	6571	29944	14288	12306	12845	12671	25182	6055	FRET Read:280,480
D	11491	6720	6772	6763	6157	19417	10875	8635	9107	8509	16616	5751	FRET Read:280,480
E	9971	6312	5526	6252	6023	12044	8693	5821	7245	6850	10485	6356	FRET Read:280,480
F	9268	6005	5934	7064	5854	8907	8481	6063	6313	6067	7736	5972	FRET Read:280,480
G	8098	6248	6728	4899	5920	10214	8554	5731	6577	6277	6784	5604	FRET Read:280,480
H	8245	6221	5387	5994	5994	8951	7617	5725	5940	5485	6201	5576	FRET Read:280,480

FRET Read:350,480
	1	2	3	4	5	6	7	8	9	10	11	12
A	OVRFLW	82705	92923	OVRFLW	98336	OVRFLW	OVRFLW	OVRFLW	OVRFLW	OVRFLW	OVRFLW	47712	FRET Read:350,480
B	OVRFLW	79338	71510	64572	70097	OVRFLW	92147	91567	92289	93238	OVRFLW	56889	FRET Read:350,480
C	90567	71161	67690	69732	68606	95577	77793	72580	73617	76338	OVRFLW	49770	FRET Read:350,480
D	66728	60503	65245	55976	50846	72588	66425	47900	53379	56618	OVRFLW	47543	FRET Read:350,480
E	63693	49880	54308	60117	50029	67820	59646	58862	56494	53863	80888	53501	FRET Read:350,480
F	61447	52751	55446	55956	52632	60117	61197	51533	58558	54705	60994	60781	FRET Read:350,480
G	48908	63168	51940	49702	49583	60003	56935	49286	55177	49286	50515	49897	FRET Read:350,480
H	53772	50261	55166	58094	52740	47862	56706	49774	56445	60671	45346	45456	FRET Read:350,480

Fret1
	1	2	3	4	5	6	7	8	9	10	11	12
A	0.454	0.319	0.33	0.3	0.294	0.707	0.602	0.666	0.664	0.66	0.701	0.118	Fret1
B	0.326	0.271	0.261	0.228	0.205	0.525	0.467	0.472	0.499	0.511	0.614	0.204	Fret1
C	0.234	0.24	0.217	0.228	0.222	0.399	0.401	0.372	0.372	0.364	0.479	0.208	Fret1
D	0.192	0.222	0.237	0.223	0.206	0.295	0.325	0.282	0.283	0.257	0.396	0.191	Fret1
E	0.17	0.207	0.196	0.208	0.209	0.202	0.283	0.212	0.242	0.227	0.302	0.204	Fret1
F	0.158	0.211	0.209	0.237	0.203	0.153	0.274	0.214	0.218	0.208	0.234	0.183	Fret1
G	0.145	0.217	0.228	0.173	0.207	0.167	0.269	0.207	0.215	0.206	0.207	0.178	Fret1
H	0.146	0.219	0.199	0.203	0.204	0.151	0.238	0.191	0.197	0.183	0.186	0.176	Fret1

