Procedure Summary

Plate Type	Costar 96 black opaque
Read	Read:  FRET Read (F) 280,350, 280,480, 350,480

Data Reduction Summary

Transformation	Fret1

FRET Read:280,350
	1	2	3	4	5	6	7	8	9	10	11	12
A	42271	18237	16627	17626	17050	29804	14849	14110	13438	13267	30154	44938	FRET Read:280,350
B	45856	18467	17676	19050	19050	38695	18658	15293	16663	16149	25159	19482	FRET Read:280,350
C	46929	19932	18460	17536	18624	42601	17609	17427	17113	18163	22073	18191	FRET Read:280,350
D	45946	19642	18260	19431	19189	42901	18457	18085	18982	19546	21187	21198	FRET Read:280,350
E	45042	20103	18201	19242	18641	45129	17993	17173	18227	17489	19593	20208	FRET Read:280,350
F	45337	18555	19076	18695	18878	46781	19104	17969	18826	18474	20243	21909	FRET Read:280,350
G	45963	18814	18290	18441	17502	47331	18474	18318	18207	19360	21338	20411	FRET Read:280,350
H	45895	18977	18120	18962	18181	48620	20103	20196	20322	18855	21947	21443	FRET Read:280,350

FRET Read:280,480
	1	2	3	4	5	6	7	8	9	10	11	12
A	65476	16153	12313	14568	13451	OVRFLW	42641	50910	48113	49114	OVRFLW	11269	FRET Read:280,480
B	38007	12710	11020	11766	9241	72294	31931	27507	28474	29662	75244	9617	FRET Read:280,480
C	24118	11687	10529	9432	8910	45013	21151	14546	18704	18906	40936	8104	FRET Read:280,480
D	17632	10036	11289	10502	8618	27779	18672	12919	13094	15270	25588	7975	FRET Read:280,480
E	14819	9517	10098	8053	8727	22298	15453	7971	10253	10680	15094	9793	FRET Read:280,480
F	13193	9853	9040	9055	10439	15857	14207	9489	9568	9880	11112	10821	FRET Read:280,480
G	11611	10636	6910	8128	8639	14108	12964	10533	10649	8747	9887	11003	FRET Read:280,480
H	11546	10322	8575	10016	8593	12723	11841	11204	8982	10269	9916	11507	FRET Read:280,480

FRET Read:350,480
	1	2	3	4	5	6	7	8	9	10	11	12
A	OVRFLW	45331	45110	44125	46880	96633	70283	58063	56269	56802	OVRFLW	20783	FRET Read:350,480
B	61333	35135	30012	39457	36239	70050	43002	42077	42963	41329	OVRFLW	28947	FRET Read:350,480
C	37881	38416	31478	29853	32779	40941	33658	31246	25410	32429	79019	20845	FRET Read:350,480
D	32236	20375	30314	28026	28854	34096	34080	20668	27135	28331	58618	21994	FRET Read:350,480
E	26728	27408	25288	20429	28681	27785	29626	26491	24208	21233	42202	25058	FRET Read:350,480
F	20963	24881	24885	27924	24042	27995	22782	19839	28111	21757	29202	20968	FRET Read:350,480
G	27252	24448	27181	17696	29455	34628	32432	27252	29783	18671	28655	22536	FRET Read:350,480
H	27985	23937	22456	20571	23153	35187	29268	27554	21302	20743	31773	20503	FRET Read:350,480

Fret1
	1	2	3	4	5	6	7	8	9	10	11	12
A	0.608	0.47	0.425	0.453	0.441	?????	0.742	0.783	0.782	0.787	?????	0.2	Fret1
B	0.453	0.408	0.384	0.382	0.327	0.651	0.631	0.643	0.631	0.647	0.749	0.33	Fret1
C	0.339	0.37	0.363	0.35	0.324	0.514	0.546	0.455	0.522	0.51	0.65	0.308	Fret1
D	0.277	0.338	0.382	0.351	0.31	0.393	0.503	0.417	0.408	0.439	0.547	0.273	Fret1
E	0.248	0.321	0.357	0.295	0.319	0.331	0.462	0.317	0.36	0.379	0.435	0.326	Fret1
F	0.225	0.347	0.322	0.326	0.356	0.253	0.426	0.346	0.337	0.348	0.354	0.331	Fret1
G	0.202	0.361	0.274	0.306	0.33	0.23	0.412	0.365	0.369	0.311	0.317	0.35	Fret1
H	0.201	0.352	0.321	0.346	0.321	0.207	0.371	0.357	0.307	0.353	0.311	0.349	Fret1

