Procedure Summary

Plate Type	Costar 96 black opaque
Read	Read:  FRET Read (F) 280,350, 280,480, 350,480

Data Reduction Summary

Transformation	Fret1

FRET Read:280,350
	1	2	3	4	5	6	7	8	9	10	11	12
A	42691	7247	4744	4908	5092	36132	5931	3940	3862	3761	7559	6825	FRET Read:280,350
B	45759	7563	4962	5318	5532	43535	7074	4633	4978	4797	5816	4309	FRET Read:280,350
C	45711	7683	5149	5154	5232	43045	7456	4932	5177	5207	5239	4566	FRET Read:280,350
D	46389	7688	5129	5234	5309	46476	7460	4923	5364	5546	4814	4752	FRET Read:280,350
E	45952	7800	5118	5257	5219	45627	9667	5055	5410	5407	4698	4627	FRET Read:280,350
F	46644	7690	5002	5236	5177	46933	7448	5143	5028	5286	4604	4582	FRET Read:280,350
G	45660	7513	5126	5191	5201	6246	4333	4611	5332	5324	4528	4558	FRET Read:280,350
H	45669	7475	5076	5279	5421	7059	4245	4512	5362	5436	4641	4542	FRET Read:280,350

FRET Read:280,480
	1	2	3	4	5	6	7	8	9	10	11	12
A	23892	3157	1662	1367	1660	48829	7938	6326	5714	9528	13350	976	FRET Read:280,480
B	12000	2058	1322	1330	1198	23552	4540	2361	1997	1791	6069	788	FRET Read:280,480
C	7227	1635	1216	1237	1193	10368	2744	1784	1509	1557	3559	745	FRET Read:280,480
D	5253	1410	1150	1224	1111	6880	2030	1498	1136	1346	2033	790	FRET Read:280,480
E	4054	1386	1077	1187	1157	4693	2196	1413	1203	1273	1267	752	FRET Read:280,480
F	3493	1231	1127	1332	1129	3919	1551	1348	1206	1248	1050	732	FRET Read:280,480
G	3032	1170	1121	1191	1133	1223	1056	903	1118	1131	949	744	FRET Read:280,480
H	2792	1268	1065	1190	1158	1318	1076	939	1170	1225	801	747	FRET Read:280,480

FRET Read:350,480
	1	2	3	4	5	6	7	8	9	10	11	12
A	36325	7621	6163	5666	6466	47913	11278	11161	10584	14767	37200	3379	FRET Read:350,480
B	18350	5319	4794	4697	4690	24437	7355	5333	5575	4923	16763	2829	FRET Read:350,480
C	10875	4466	4310	4495	4196	11765	5548	4836	4512	4458	9882	2641	FRET Read:350,480
D	8312	4514	4289	4239	4114	7656	4631	4418	4199	4471	6112	2986	FRET Read:350,480
E	6298	3838	3899	3935	3815	5871	5218	4088	4053	4032	4048	2326	FRET Read:350,480
F	5196	4022	4038	4658	3921	5085	4554	4510	3849	3786	3375	2689	FRET Read:350,480
G	4846	3608	3908	5147	4184	2998	3003	3053	3823	3876	3095	2396	FRET Read:350,480
H	4277	3723	3865	3907	3901	3262	2903	3057	3771	3856	2574	2767	FRET Read:350,480

Fret1
	1	2	3	4	5	6	7	8	9	10	11	12
A	0.359	0.303	0.259	0.218	0.246	0.575	0.572	0.616	0.597	0.717	0.638	0.125	Fret1
B	0.208	0.214	0.21	0.2	0.178	0.351	0.391	0.338	0.286	0.272	0.511	0.155	Fret1
C	0.137	0.175	0.191	0.194	0.186	0.194	0.269	0.266	0.226	0.23	0.405	0.14	Fret1
D	0.102	0.155	0.183	0.19	0.173	0.129	0.214	0.233	0.175	0.195	0.297	0.143	Fret1
E	0.081	0.151	0.174	0.184	0.181	0.093	0.185	0.218	0.182	0.191	0.212	0.14	Fret1
F	0.07	0.138	0.184	0.203	0.179	0.077	0.172	0.208	0.193	0.191	0.186	0.138	Fret1
G	0.062	0.135	0.179	0.187	0.179	0.164	0.196	0.164	0.173	0.175	0.173	0.14	Fret1
H	0.058	0.145	0.173	0.184	0.176	0.157	0.202	0.172	0.179	0.184	0.147	0.141	Fret1

