Procedure Summary

Plate Type	Costar 96 black opaque
Read	Read:  FRET Read (F) 280,350, 280,480, 350,480

Data Reduction Summary

Transformation	Fret1

FRET Read:280,350
	1	2	3	4	5	6	7	8	9	10	11	12
A	24011	25468	25929	27042	26413	26918	27506	27532	27601	27111	26455	26862	FRET Read:280,350
B	14194	15698	15277	15670	15529	16038	15180	16131	15843	16024	16156	16168	FRET Read:280,350
C	13522	19352	21988	24614	25361	25559	26092	26933	27047	26753	26313	27249	FRET Read:280,350
D	8686	12388	13768	15660	15787	15279	15213	15408	15214	15452	15612	16523	FRET Read:280,350
E	18597	21794	23130	25019	25571	25574	25594	25746	26558	26104	25493	26830	FRET Read:280,350
F	12294	14594	15035	15714	15750	15030	16241	16364	15972	15981	16834	16822	FRET Read:280,350
G	48196	37435	32746	29822	27441	27671	28042	27268	26913	27672	27284	27022	FRET Read:280,350
H	42076	28593	21630	19142	17601	15707	16096	17110	17433	16729	17278	16824	FRET Read:280,350

FRET Read:280,480
	1	2	3	4	5	6	7	8	9	10	11	12
A	23652	13037	7780	5372	3992	3501	2909	2782	2611	2867	2638	2573	FRET Read:280,480
B	12785	4768	2652	2194	2062	2019	1865	1863	1790	1717	1782	1794	FRET Read:280,480
C	35217	26699	16285	11379	8130	6941	4787	4171	3746	3957	3638	3388	FRET Read:280,480
D	11988	8915	5376	3829	2896	2689	2061	1987	1885	2024	1867	1881	FRET Read:280,480
E	46701	41094	33266	23394	16925	14938	9176	8081	6991	6749	4798	3884	FRET Read:280,480
F	5277	4066	2958	2439	2116	2231	1955	1950	1866	1898	1895	1804	FRET Read:280,480
G	46664	23751	12984	7791	4203	4470	3074	2702	2732	2452	2383	2380	FRET Read:280,480
H	56874	28741	14494	8497	4990	3494	2644	2179	1960	1878	1876	1846	FRET Read:280,480

FRET Read:350,480
	1	2	3	4	5	6	7	8	9	10	11	12
A	20542	9155	4976	3641	2912	2807	2587	2480	2388	2494	2355	2314	FRET Read:350,480
B	16355	5842	3157	2499	2250	2221	2053	2026	1918	1922	1925	1912	FRET Read:350,480
C	12731	9126	6101	4648	3812	3479	2828	2744	2579	2710	2621	2550	FRET Read:350,480
D	5956	4550	3196	2601	2311	2219	1979	1938	1870	2036	1907	1903	FRET Read:350,480
E	18193	15247	12378	9086	7012	6284	4388	4103	3972	3748	2976	2726	FRET Read:350,480
F	6247	4929	3517	2853	2550	2693	2233	2081	2015	2054	1989	2025	FRET Read:350,480
G	38823	19967	10821	6707	3796	3944	2871	2538	2627	2351	2251	2201	FRET Read:350,480
H	46504	23816	12055	7292	4412	3134	2549	2187	2082	1932	1989	1905	FRET Read:350,480

Fret1
	1	2	3	4	5	6	7	8	9	10	11	12
A	0.496	0.339	0.231	0.166	0.131	0.115	0.096	0.092	0.086	0.096	0.091	0.087	Fret1
B	0.474	0.233	0.148	0.123	0.117	0.112	0.109	0.104	0.102	0.097	0.099	0.1	Fret1
C	0.723	0.58	0.425	0.316	0.243	0.214	0.155	0.134	0.122	0.129	0.121	0.111	Fret1
D	0.58	0.418	0.281	0.196	0.155	0.15	0.119	0.114	0.11	0.116	0.107	0.102	Fret1
E	0.715	0.653	0.59	0.483	0.398	0.369	0.264	0.239	0.208	0.205	0.158	0.126	Fret1
F	0.3	0.218	0.164	0.134	0.118	0.129	0.107	0.106	0.105	0.106	0.101	0.097	Fret1
G	0.492	0.388	0.284	0.207	0.133	0.139	0.099	0.09	0.092	0.081	0.08	0.081	Fret1
H	0.575	0.501	0.401	0.307	0.221	0.182	0.141	0.113	0.101	0.101	0.098	0.099	Fret1

