Procedure Summary

Plate Type	Costar 96 black opaque
Read	Read:  FRET Read (F) 280,350, 280,480, 350,480, 290,420, 300,480, 270,420

Data Reduction Summary

Transformation	Fret1

FRET Read:280,350
	1	2	3	4	5	6	7	8	9	10	11	12
A	23536	25438	26181	27064	27018	27432	27667	27818	27591	27465	27468	27123	FRET Read:280,350
B	15819	17362	17333	17704	17166	17574	17084	18074	17892	17781	18122	17877	FRET Read:280,350
C	14324	20128	25433	25360	26272	26391	26643	27448	27603	27391	27267	27289	FRET Read:280,350
D	9658	13786	15425	17282	17733	17227	17120	17233	17302	17508	17973	18195	FRET Read:280,350
E	19561	22831	23686	25682	26365	26594	26416	26654	27287	26840	26589	27467	FRET Read:280,350
F	13582	16277	17128	17946	17660	16667	18151	18535	18226	17976	18690	18664	FRET Read:280,350
G	48805	38270	33318	30789	28477	27578	28703	28539	27531	28400	27927	27368	FRET Read:280,350
H	47145	32089	24256	21716	19984	17639	18042	19290	19387	18671	19397	18904	FRET Read:280,350

FRET Read:280,480
	1	2	3	4	5	6	7	8	9	10	11	12
A	18262	10905	6572	4414	3162	2898	2434	2323	2162	2227	2122	2182	FRET Read:280,480
B	9424	2755	2104	1901	1771	1816	1734	1633	1691	1678	1580	1669	FRET Read:280,480
C	26315	20734	14999	9269	6353	5729	3715	3172	3013	3122	2763	2543	FRET Read:280,480
D	9605	7596	5438	3202	2577	2384	1793	1752	1734	1856	1638	1807	FRET Read:280,480
E	36628	33314	27049	19725	14221	13055	7769	6985	5767	5588	4389	3159	FRET Read:280,480
F	4332	3645	3023	2218	1920	1985	1819	1689	1651	1733	1664	1479	FRET Read:280,480
G	36596	18524	10897	6431	3248	3629	2555	2201	2628	1932	1990	1964	FRET Read:280,480
H	49386	25330	12903	7478	4531	3007	2421	2023	1869	1633	1677	1750	FRET Read:280,480

FRET Read:350,480
	1	2	3	4	5	6	7	8	9	10	11	12
A	20048	8879	4616	3424	2987	2888	2273	2416	2259	2530	2455	2228	FRET Read:350,480
B	14389	4575	2936	2521	2388	2297	2011	2202	2099	2027	2040	2178	FRET Read:350,480
C	11169	8648	6734	4604	3438	3573	2693	2599	2641	2514	2630	2599	FRET Read:350,480
D	5773	4477	3798	2868	2649	2480	2087	2149	1906	2170	2176	2093	FRET Read:350,480
E	16817	14962	11776	9108	7006	6296	4358	3977	3976	3676	3168	2600	FRET Read:350,480
F	6353	5271	4048	2887	2719	2966	2385	2243	2163	2234	2102	2200	FRET Read:350,480
G	36621	18646	10708	6351	3640	4045	2884	2328	3537	2365	2330	2089	FRET Read:350,480
H	49155	24634	12557	7716	4696	3468	2611	2222	2265	2192	2129	2146	FRET Read:350,480

Fret1
	1	2	3	4	5	6	7	8	9	10	11	12
A	0.437	0.3	0.201	0.14	0.105	0.096	0.081	0.077	0.073	0.075	0.072	0.074	Fret1
B	0.373	0.137	0.108	0.097	0.094	0.094	0.092	0.083	0.086	0.086	0.08	0.085	Fret1
C	0.648	0.507	0.371	0.268	0.195	0.178	0.122	0.104	0.098	0.102	0.092	0.085	Fret1
D	0.499	0.355	0.261	0.156	0.127	0.122	0.095	0.092	0.091	0.096	0.084	0.09	Fret1
E	0.652	0.593	0.533	0.434	0.35	0.329	0.227	0.208	0.174	0.172	0.142	0.103	Fret1
F	0.242	0.183	0.15	0.11	0.098	0.106	0.091	0.084	0.083	0.088	0.082	0.073	Fret1
G	0.429	0.326	0.246	0.173	0.102	0.116	0.082	0.072	0.087	0.064	0.067	0.067	Fret1
H	0.512	0.441	0.347	0.256	0.185	0.146	0.118	0.095	0.088	0.08	0.08	0.085	Fret1

FRET Read:290,420
	1	2	3	4	5	6	7	8	9	10	11	12
A	18337	6939	3191	2493	2092	2050	1886	1811	1845	1813	1713	1716	FRET Read:290,420
B	12484	1898	1192	1060	1014	1093	996	1070	1022	1008	1022	1003	FRET Read:290,420
C	2695	2567	2365	2112	1922	1987	1756	1792	1745	1810	1723	1774	FRET Read:290,420
D	1342	1340	1215	1141	1062	1018	998	1015	1023	1003	961	1020	FRET Read:290,420
E	14356	12930	10754	7940	6205	5772	3832	3450	3194	3082	2435	2199	FRET Read:290,420
F	1659	1507	1334	1127	1168	1156	1089	1051	1090	1053	1107	1076	FRET Read:290,420
G	35571	18187	10068	6020	3252	3241	2244	2032	2004	1871	1704	1693	FRET Read:290,420
H	47624	23312	11474	6539	3696	2324	1666	1384	1288	1105	1125	1046	FRET Read:290,420

FRET Read:300,480
	1	2	3	4	5	6	7	8	9	10	11	12
A	32395	16035	9250	6634	5214	5080	4054	4025	3914	4377	4134	3855	FRET Read:300,480
B	19647	5695	4325	4052	3924	3787	3616	3577	3439	3852	3567	3301	FRET Read:300,480
C	30339	22340	16149	10496	8522	8171	5719	4907	4768	4958	4671	4156	FRET Read:300,480
D	13819	11048	7969	5624	4499	4406	3482	3481	3679	3852	3909	3564	FRET Read:300,480
E	48166	42434	34052	25407	19231	16741	10605	9741	8223	8558	6419	5429	FRET Read:300,480
F	8811	7301	6041	4943	4018	4206	4070	3882	3605	3747	3553	3785	FRET Read:300,480
G	37612	20485	12267	8142	5723	5409	4517	4207	4475	4030	3912	3985	FRET Read:300,480
H	49862	26749	14278	9061	6023	4433	4187	4049	3656	3694	3811	3562	FRET Read:300,480

FRET Read:270,420
	1	2	3	4	5	6	7	8	9	10	11	12
A	4584	1909	1002	751	641	619	583	557	521	570	534	539	FRET Read:270,420
B	2965	576	394	376	403	377	358	365	357	359	355	363	FRET Read:270,420
C	804	765	761	618	620	608	542	548	533	531	526	547	FRET Read:270,420
D	425	433	404	385	373	368	353	337	349	367	365	374	FRET Read:270,420
E	4035	3788	3098	2378	1807	1684	1100	1035	926	933	748	651	FRET Read:270,420
F	573	513	467	416	385	400	377	369	383	373	383	357	FRET Read:270,420
G	35458	17660	9075	5026	2110	2176	1109	876	732	583	538	525	FRET Read:270,420
H	48489	24299	11708	6359	3257	1873	1121	737	552	452	428	421	FRET Read:270,420

Data Audit Trail

Date	User	Event	Comment
6/10/2011 5:21:30 PM	User	Protocol "C:\Users\labuser\Documents\Protocols\Chodera\Quinazoline titration FRET - more wavelengths.prt" (6/10/2011 5:21:25 PM) selected	
6/10/2011 5:22:02 PM	User	Plate read started	
6/10/2011 5:29:03 PM	User	Plate read successfully completed	

