Procedure Summary

Plate Type	Corning 3596 96 well flat bottom
Read	Read:  Trp fluorescence quenching (F) 280,340
Read	Read:  Excite 280 read inhibitor fluorescence (F) 280,440, 280,460, 280,480
Read	Read:  Excite 350 read inhibitor fluorescence (F) 350,440, 350,460, 350,480

Trp fluorescence quenching:280,340
	1	2	3	4	5	6	7	8	9	10	11	12
A	44980	42517	45528	43078	45227	43609	44135	43684	41104	41605	22275	44451	Trp fluorescence quenching:280,340
B	18816	20090	19126	17867	18737	17186	18451	19089	17943	19389	18924	18627	Trp fluorescence quenching:280,340
C	25969	29253	28704	28997	30877	30551	36150	40833	40943	42131	43645	42428	Trp fluorescence quenching:280,340
D	14897	18445	16733	17880	18192	18507	17607	17541	17704	17201	18137	18312	Trp fluorescence quenching:280,340
E	29891	32143	29966	33772	36229	37809	40525	42026	42579	42814	44018	44273	Trp fluorescence quenching:280,340
F	16965	18534	17090	16756	17367	17340	17918	17936	17227	18115	19127	18406	Trp fluorescence quenching:280,340
G	33958	37141	39549	40707	42426	42223	46148	43233	42857	45219	44275	44728	Trp fluorescence quenching:280,340
H	17963	16202	17629	16826	18634	18521	18867	18635	19417	18427	18356	19525	Trp fluorescence quenching:280,340

Excite 280 read inhibitor fluorescence:280,440
	1	2	3	4	5	6	7	8	9	10	11	12
A	6512	6297	6646	6382	6680	6519	6762	6400	6053	6360	3601	6496	Excite 280 read inhibitor fluorescence:280,440
B	3534	3620	3462	3507	3596	3448	3874	3601	3504	3488	3514	3335	Excite 280 read inhibitor fluorescence:280,440
C	46060	44692	42694	43631	43073	41043	27876	17651	13262	9826	8449	7511	Excite 280 read inhibitor fluorescence:280,440
D	7461	5693	4699	4120	3718	3895	3330	3496	3517	3396	4324	3365	Excite 280 read inhibitor fluorescence:280,440
E	43775	42719	38776	37116	29302	23557	17295	12891	9957	8294	7399	7249	Excite 280 read inhibitor fluorescence:280,440
F	4339	3923	3444	3392	3995	3560	3549	3443	3386	3503	3450	3427	Excite 280 read inhibitor fluorescence:280,440
G	48976	34371	25265	16573	11880	10064	9454	7954	7138	7112	6774	6696	Excite 280 read inhibitor fluorescence:280,440
H	6659	5204	8741	4070	3609	3691	3700	3638	3455	3587	3301	3571	Excite 280 read inhibitor fluorescence:280,440

Excite 280 read inhibitor fluorescence:280,460
	1	2	3	4	5	6	7	8	9	10	11	12
A	2094	1977	2061	2054	2053	2071	2044	2057	1967	2063	1217	2023	Excite 280 read inhibitor fluorescence:280,460
B	1325	1391	1335	1300	1376	1353	1513	1351	1365	1319	1410	1323	Excite 280 read inhibitor fluorescence:280,460
C	48915	48787	47193	47769	48109	45517	28522	16021	10533	6317	4338	3257	Excite 280 read inhibitor fluorescence:280,460
D	4592	2941	2141	1797	1527	1614	1351	1318	1407	1270	1676	1367	Excite 280 read inhibitor fluorescence:280,460
E	21123	20175	18170	17388	13588	10604	7444	5215	3745	2828	2512	2433	Excite 280 read inhibitor fluorescence:280,460
F	1801	1535	1394	1345	1634	1364	1352	1366	1317	1311	1388	1342	Excite 280 read inhibitor fluorescence:280,460
G	31833	19767	14075	8678	5688	4288	3743	2873	2529	2324	2162	2215	Excite 280 read inhibitor fluorescence:280,460
H	2850	2051	4311	1502	1803	1329	1450	1409	1427	1313	1340	1385	Excite 280 read inhibitor fluorescence:280,460

Excite 280 read inhibitor fluorescence:280,480
	1	2	3	4	5	6	7	8	9	10	11	12
A	1100	1112	1123	1110	1164	1130	1077	1140	1097	1095	706	1142	Excite 280 read inhibitor fluorescence:280,480
B	804	825	832	837	863	816	878	869	864	805	879	783	Excite 280 read inhibitor fluorescence:280,480
C	50248	49879	48720	49674	49566	47086	29341	15810	10088	5556	3430	2474	Excite 280 read inhibitor fluorescence:280,480
D	3401	2141	1473	1167	975	1027	872	829	918	771	907	856	Excite 280 read inhibitor fluorescence:280,480
E	13287	12681	11531	11061	8550	6572	4463	3110	2181	1620	1377	1252	Excite 280 read inhibitor fluorescence:280,480
F	1137	1016	915	810	950	767	834	834	794	851	791	797	Excite 280 read inhibitor fluorescence:280,480
G	21097	14856	10266	6120	3749	2894	2265	1721	1480	1273	1146	1148	Excite 280 read inhibitor fluorescence:280,480
H	1790	1240	1825	958	1049	863	847	813	808	849	784	877	Excite 280 read inhibitor fluorescence:280,480

Excite 350 read inhibitor fluorescence:350,440
	1	2	3	4	5	6	7	8	9	10	11	12
A	8032	7860	8006	7809	8281	7884	8029	8005	7810	7660	5750	7582	Excite 350 read inhibitor fluorescence:350,440
B	7066	7596	7179	7198	7397	7109	8790	7540	7278	7434	7272	6994	Excite 350 read inhibitor fluorescence:350,440
C	26815	24762	22749	22662	22583	21836	16404	12548	10679	9313	8441	8042	Excite 350 read inhibitor fluorescence:350,440
D	10506	9344	8126	7572	7581	7793	7311	7229	7300	7277	7090	7194	Excite 350 read inhibitor fluorescence:350,440
E	21318	21824	18778	18254	15344	12957	11562	9772	8889	8070	8241	7930	Excite 350 read inhibitor fluorescence:350,440
F	8549	8277	7422	7258	11726	7218	7504	7406	7660	7532	7525	7244	Excite 350 read inhibitor fluorescence:350,440
G	44410	31792	21563	15555	11431	10368	10429	8628	8236	8140	7887	7887	Excite 350 read inhibitor fluorescence:350,440
H	20159	13232	9522	9568	13325	7744	7745	7670	7409	7553	6956	7254	Excite 350 read inhibitor fluorescence:350,440

Excite 350 read inhibitor fluorescence:350,460
	1	2	3	4	5	6	7	8	9	10	11	12
A	7757	8047	8035	8236	8145	8089	8167	7502	7694	7747	5740	7685	Excite 350 read inhibitor fluorescence:350,460
B	7184	7780	7394	7207	7438	7312	8673	7047	7256	7567	7435	7325	Excite 350 read inhibitor fluorescence:350,460
C	57361	53420	49138	51037	50422	47404	31725	20391	15632	11873	9901	8629	Excite 350 read inhibitor fluorescence:350,460
D	13342	10432	8843	8313	7608	8158	7310	6895	7535	6952	7278	7284	Excite 350 read inhibitor fluorescence:350,460
E	24706	23462	21902	21283	16825	14392	11979	10413	9250	8421	8232	8032	Excite 350 read inhibitor fluorescence:350,460
F	9517	8967	7200	7195	11534	6996	7361	7404	7238	6917	7355	7456	Excite 350 read inhibitor fluorescence:350,460
G	59743	41329	28044	19109	13708	11233	12519	9420	8474	7868	8070	8260	Excite 350 read inhibitor fluorescence:350,460
H	18974	12457	10255	8855	14896	7704	7341	7316	7295	7323	6915	7741	Excite 350 read inhibitor fluorescence:350,460

Excite 350 read inhibitor fluorescence:350,480
	1	2	3	4	5	6	7	8	9	10	11	12
A	4062	4223	4203	4171	4190	4091	4320	4010	4215	4102	2907	4103	Excite 350 read inhibitor fluorescence:350,480
B	3826	3816	3786	3640	3793	3545	4215	4205	3891	3887	3800	3774	Excite 350 read inhibitor fluorescence:350,480
C	47575	45576	43163	43692	42772	41167	26840	15469	11379	7205	5981	5033	Excite 350 read inhibitor fluorescence:350,480
D	8226	6053	4739	4306	4091	4036	3895	3837	3903	3573	3471	3692	Excite 350 read inhibitor fluorescence:350,480
E	13527	13541	12113	11215	9486	7967	6480	5402	4930	4400	4352	4067	Excite 350 read inhibitor fluorescence:350,480
F	5092	4483	3782	3651	6162	3659	3922	3681	4008	3803	3669	3652	Excite 350 read inhibitor fluorescence:350,480
G	36981	26381	18217	11561	7970	6617	6078	5028	4647	4390	4123	4044	Excite 350 read inhibitor fluorescence:350,480
H	10509	7407	5444	4607	5891	3912	4061	3922	3868	3827	3706	3645	Excite 350 read inhibitor fluorescence:350,480

Data Audit Trail

Date	User	Event	Comment
5/9/2012 4:31:56 PM	User	Protocol "C:\Program Files (x86)\BioTek\Gen5 1.10\Protocols\John Chodera\Quinazoline inhibitor fluorescence reads quick.prt" (5/9/2012 3:51:50 PM) selected	
5/9/2012 4:35:01 PM	User	Plate read started	
5/9/2012 4:43:40 PM	User	Plate read successfully completed	

Calculation Warnings

Error/Warning messages
No event recorded

Field Group

			
			
			

Procedure Summary

Plate Type	Corning 3596 96 well flat bottom
Read	Read:  Trp fluorescence quenching (F) 280,340
Read	Read:  Excite 280 read inhibitor fluorescence (F) 280,440, 280,460, 280,480
Read	Read:  Excite 350 read inhibitor fluorescence (F) 350,440, 350,460, 350,480

Trp fluorescence quenching:280,340
	1	2	3	4	5	6	7	8	9	10	11	12
A	44980	42517	45528	43078	45227	43609	44135	43684	41104	41605	22275	44451	Trp fluorescence quenching:280,340
B	18816	20090	19126	17867	18737	17186	18451	19089	17943	19389	18924	18627	Trp fluorescence quenching:280,340
C	25969	29253	28704	28997	30877	30551	36150	40833	40943	42131	43645	42428	Trp fluorescence quenching:280,340
D	14897	18445	16733	17880	18192	18507	17607	17541	17704	17201	18137	18312	Trp fluorescence quenching:280,340
E	29891	32143	29966	33772	36229	37809	40525	42026	42579	42814	44018	44273	Trp fluorescence quenching:280,340
F	16965	18534	17090	16756	17367	17340	17918	17936	17227	18115	19127	18406	Trp fluorescence quenching:280,340
G	33958	37141	39549	40707	42426	42223	46148	43233	42857	45219	44275	44728	Trp fluorescence quenching:280,340
H	17963	16202	17629	16826	18634	18521	18867	18635	19417	18427	18356	19525	Trp fluorescence quenching:280,340

Excite 280 read inhibitor fluorescence:280,440
	1	2	3	4	5	6	7	8	9	10	11	12
A	6512	6297	6646	6382	6680	6519	6762	6400	6053	6360	3601	6496	Excite 280 read inhibitor fluorescence:280,440
B	3534	3620	3462	3507	3596	3448	3874	3601	3504	3488	3514	3335	Excite 280 read inhibitor fluorescence:280,440
C	46060	44692	42694	43631	43073	41043	27876	17651	13262	9826	8449	7511	Excite 280 read inhibitor fluorescence:280,440
D	7461	5693	4699	4120	3718	3895	3330	3496	3517	3396	4324	3365	Excite 280 read inhibitor fluorescence:280,440
E	43775	42719	38776	37116	29302	23557	17295	12891	9957	8294	7399	7249	Excite 280 read inhibitor fluorescence:280,440
F	4339	3923	3444	3392	3995	3560	3549	3443	3386	3503	3450	3427	Excite 280 read inhibitor fluorescence:280,440
G	48976	34371	25265	16573	11880	10064	9454	7954	7138	7112	6774	6696	Excite 280 read inhibitor fluorescence:280,440
H	6659	5204	8741	4070	3609	3691	3700	3638	3455	3587	3301	3571	Excite 280 read inhibitor fluorescence:280,440

Excite 280 read inhibitor fluorescence:280,460
	1	2	3	4	5	6	7	8	9	10	11	12
A	2094	1977	2061	2054	2053	2071	2044	2057	1967	2063	1217	2023	Excite 280 read inhibitor fluorescence:280,460
B	1325	1391	1335	1300	1376	1353	1513	1351	1365	1319	1410	1323	Excite 280 read inhibitor fluorescence:280,460
C	48915	48787	47193	47769	48109	45517	28522	16021	10533	6317	4338	3257	Excite 280 read inhibitor fluorescence:280,460
D	4592	2941	2141	1797	1527	1614	1351	1318	1407	1270	1676	1367	Excite 280 read inhibitor fluorescence:280,460
E	21123	20175	18170	17388	13588	10604	7444	5215	3745	2828	2512	2433	Excite 280 read inhibitor fluorescence:280,460
F	1801	1535	1394	1345	1634	1364	1352	1366	1317	1311	1388	1342	Excite 280 read inhibitor fluorescence:280,460
G	31833	19767	14075	8678	5688	4288	3743	2873	2529	2324	2162	2215	Excite 280 read inhibitor fluorescence:280,460
H	2850	2051	4311	1502	1803	1329	1450	1409	1427	1313	1340	1385	Excite 280 read inhibitor fluorescence:280,460

Excite 280 read inhibitor fluorescence:280,480
	1	2	3	4	5	6	7	8	9	10	11	12
A	1100	1112	1123	1110	1164	1130	1077	1140	1097	1095	706	1142	Excite 280 read inhibitor fluorescence:280,480
B	804	825	832	837	863	816	878	869	864	805	879	783	Excite 280 read inhibitor fluorescence:280,480
C	50248	49879	48720	49674	49566	47086	29341	15810	10088	5556	3430	2474	Excite 280 read inhibitor fluorescence:280,480
D	3401	2141	1473	1167	975	1027	872	829	918	771	907	856	Excite 280 read inhibitor fluorescence:280,480
E	13287	12681	11531	11061	8550	6572	4463	3110	2181	1620	1377	1252	Excite 280 read inhibitor fluorescence:280,480
F	1137	1016	915	810	950	767	834	834	794	851	791	797	Excite 280 read inhibitor fluorescence:280,480
G	21097	14856	10266	6120	3749	2894	2265	1721	1480	1273	1146	1148	Excite 280 read inhibitor fluorescence:280,480
H	1790	1240	1825	958	1049	863	847	813	808	849	784	877	Excite 280 read inhibitor fluorescence:280,480

Excite 350 read inhibitor fluorescence:350,440
	1	2	3	4	5	6	7	8	9	10	11	12
A	8032	7860	8006	7809	8281	7884	8029	8005	7810	7660	5750	7582	Excite 350 read inhibitor fluorescence:350,440
B	7066	7596	7179	7198	7397	7109	8790	7540	7278	7434	7272	6994	Excite 350 read inhibitor fluorescence:350,440
C	26815	24762	22749	22662	22583	21836	16404	12548	10679	9313	8441	8042	Excite 350 read inhibitor fluorescence:350,440
D	10506	9344	8126	7572	7581	7793	7311	7229	7300	7277	7090	7194	Excite 350 read inhibitor fluorescence:350,440
E	21318	21824	18778	18254	15344	12957	11562	9772	8889	8070	8241	7930	Excite 350 read inhibitor fluorescence:350,440
F	8549	8277	7422	7258	11726	7218	7504	7406	7660	7532	7525	7244	Excite 350 read inhibitor fluorescence:350,440
G	44410	31792	21563	15555	11431	10368	10429	8628	8236	8140	7887	7887	Excite 350 read inhibitor fluorescence:350,440
H	20159	13232	9522	9568	13325	7744	7745	7670	7409	7553	6956	7254	Excite 350 read inhibitor fluorescence:350,440

Excite 350 read inhibitor fluorescence:350,460
	1	2	3	4	5	6	7	8	9	10	11	12
A	7757	8047	8035	8236	8145	8089	8167	7502	7694	7747	5740	7685	Excite 350 read inhibitor fluorescence:350,460
B	7184	7780	7394	7207	7438	7312	8673	7047	7256	7567	7435	7325	Excite 350 read inhibitor fluorescence:350,460
C	57361	53420	49138	51037	50422	47404	31725	20391	15632	11873	9901	8629	Excite 350 read inhibitor fluorescence:350,460
D	13342	10432	8843	8313	7608	8158	7310	6895	7535	6952	7278	7284	Excite 350 read inhibitor fluorescence:350,460
E	24706	23462	21902	21283	16825	14392	11979	10413	9250	8421	8232	8032	Excite 350 read inhibitor fluorescence:350,460
F	9517	8967	7200	7195	11534	6996	7361	7404	7238	6917	7355	7456	Excite 350 read inhibitor fluorescence:350,460
G	59743	41329	28044	19109	13708	11233	12519	9420	8474	7868	8070	8260	Excite 350 read inhibitor fluorescence:350,460
H	18974	12457	10255	8855	14896	7704	7341	7316	7295	7323	6915	7741	Excite 350 read inhibitor fluorescence:350,460

Excite 350 read inhibitor fluorescence:350,480
	1	2	3	4	5	6	7	8	9	10	11	12
A	4062	4223	4203	4171	4190	4091	4320	4010	4215	4102	2907	4103	Excite 350 read inhibitor fluorescence:350,480
B	3826	3816	3786	3640	3793	3545	4215	4205	3891	3887	3800	3774	Excite 350 read inhibitor fluorescence:350,480
C	47575	45576	43163	43692	42772	41167	26840	15469	11379	7205	5981	5033	Excite 350 read inhibitor fluorescence:350,480
D	8226	6053	4739	4306	4091	4036	3895	3837	3903	3573	3471	3692	Excite 350 read inhibitor fluorescence:350,480
E	13527	13541	12113	11215	9486	7967	6480	5402	4930	4400	4352	4067	Excite 350 read inhibitor fluorescence:350,480
F	5092	4483	3782	3651	6162	3659	3922	3681	4008	3803	3669	3652	Excite 350 read inhibitor fluorescence:350,480
G	36981	26381	18217	11561	7970	6617	6078	5028	4647	4390	4123	4044	Excite 350 read inhibitor fluorescence:350,480
H	10509	7407	5444	4607	5891	3912	4061	3922	3868	3827	3706	3645	Excite 350 read inhibitor fluorescence:350,480

Data Audit Trail

Date	User	Event	Comment
5/9/2012 4:31:56 PM	User	Protocol "C:\Program Files (x86)\BioTek\Gen5 1.10\Protocols\John Chodera\Quinazoline inhibitor fluorescence reads quick.prt" (5/9/2012 3:51:50 PM) selected	
5/9/2012 4:35:01 PM	User	Plate read started	
5/9/2012 4:43:40 PM	User	Plate read successfully completed	

Calculation Warnings

Error/Warning messages
No event recorded

Field Group

			
			
			

