Procedure Summary

Plate Type	Costar 96 black opaque
Read	Read:  FRET Read (F) 280,350, 280,480, 350,480

Data Reduction Summary

Transformation	Fret1

FRET Read:280,350
	1	2	3	4	5	6	7	8	9	10	11	12
A	22987	24427	24930	26260	25591	26128	26486	26496	26750	26307	25571	26053	FRET Read:280,350
B	14755	16188	15930	16348	16017	16445	15800	16843	16732	16580	16864	16594	FRET Read:280,350
C	13430	19250	24514	24540	25029	25415	25953	26772	26666	26167	26452	26203	FRET Read:280,350
D	9198	12565	14406	16112	16502	15707	15724	15994	16009	16198	16254	16945	FRET Read:280,350
E	18886	21829	23051	24601	25453	25632	25732	25807	26469	26096	25618	26546	FRET Read:280,350
F	12621	14871	15678	16314	16085	15377	16870	16894	16216	16586	17424	17222	FRET Read:280,350
G	48024	37408	32576	29677	27219	27341	27556	27429	26819	27461	27356	26643	FRET Read:280,350
H	43640	29562	22442	19885	18168	16206	16720	17703	17962	17240	17897	17788	FRET Read:280,350

FRET Read:280,480
	1	2	3	4	5	6	7	8	9	10	11	12
A	23605	13496	8389	5278	4170	3816	3059	2775	2647	2962	2737	2459	FRET Read:280,480
B	13591	4128	2653	2283	2114	2015	1938	2073	1961	1951	1943	1928	FRET Read:280,480
C	35267	27436	19494	12111	8540	7319	4770	4315	3738	3910	3802	3234	FRET Read:280,480
D	12104	8989	5861	3708	3055	2713	2014	1970	2034	2252	2131	1937	FRET Read:280,480
E	48793	42547	34978	25055	18188	16571	10179	8689	7282	7333	5038	4134	FRET Read:280,480
F	5506	4462	3062	2471	2486	2412	2339	1959	2028	2199	2177	2005	FRET Read:280,480
G	48366	24320	13223	8112	4520	4449	3253	2960	2894	2588	2460	2470	FRET Read:280,480
H	60736	30488	15333	9060	5346	3752	3014	2382	2153	2033	1937	2097	FRET Read:280,480

FRET Read:350,480
	1	2	3	4	5	6	7	8	9	10	11	12
A	20431	8893	4568	3480	2934	3003	2554	2610	2177	2416	2394	2253	FRET Read:350,480
B	17242	5407	3134	2548	2255	2295	2216	2212	2119	1951	2069	1861	FRET Read:350,480
C	12253	9038	6561	4592	3778	3524	2976	2604	2519	2669	2493	2382	FRET Read:350,480
D	5919	4497	3298	2590	2358	2364	2048	2142	1943	2171	2003	2012	FRET Read:350,480
E	18247	15186	12511	8972	7094	6715	4332	4055	3887	3644	3004	2606	FRET Read:350,480
F	6414	5382	3954	2872	2460	2710	2357	2336	2118	2085	1934	2141	FRET Read:350,480
G	38454	19718	10926	6428	3577	3758	2956	2463	2747	2168	2067	2222	FRET Read:350,480
H	47126	24624	12647	7498	4783	3187	2789	2229	2256	2023	1969	1953	FRET Read:350,480

Fret1
	1	2	3	4	5	6	7	8	9	10	11	12
A	0.507	0.356	0.252	0.167	0.14	0.127	0.104	0.095	0.09	0.101	0.097	0.086	Fret1
B	0.479	0.203	0.143	0.123	0.117	0.109	0.109	0.11	0.105	0.105	0.103	0.104	Fret1
C	0.724	0.588	0.443	0.33	0.254	0.224	0.155	0.139	0.123	0.13	0.126	0.11	Fret1
D	0.568	0.417	0.289	0.187	0.156	0.147	0.114	0.11	0.113	0.122	0.116	0.103	Fret1
E	0.721	0.661	0.603	0.505	0.417	0.393	0.283	0.252	0.216	0.219	0.164	0.135	Fret1
F	0.304	0.231	0.163	0.132	0.134	0.136	0.122	0.104	0.111	0.117	0.111	0.104	Fret1
G	0.502	0.394	0.289	0.215	0.142	0.14	0.106	0.097	0.097	0.086	0.083	0.085	Fret1
H	0.582	0.508	0.406	0.313	0.227	0.188	0.153	0.119	0.107	0.105	0.098	0.105	Fret1

