Procedure Summary

Plate Type	Costar 96 black opaque
Read	Read:  FRET Read (F) 280,350, 280,480, 350,480

Data Reduction Summary

Transformation	Fret1

FRET Read:280,350
	1	2	3	4	5	6	7	8	9	10	11	12
A	30377	36539	40301	43232	43021	44835	43367	45450	43672	42426	43234	41920	FRET Read:280,350
B	22395	25612	31882	32304	32317	32008	31953	32089	32280	29700	30575	30168	FRET Read:280,350
C	24384	28629	32597	34386	34761	35119	36085	34860	35836	35125	35345	35410	FRET Read:280,350
D	31899	37449	41973	43909	45118	45864	45812	47370	47397	47532	47912	45359	FRET Read:280,350
E	37893	40469	41578	42462	41612	43209	42393	43965	44961	45380	42084	41775	FRET Read:280,350
F	28248	28624	28616	29835	30358	30490	29541	29827	33467	29596	30340	29221	FRET Read:280,350
G	30590	33333	33625	34999	34085	34464	34349	34807	35432	33758	33177	32830	FRET Read:280,350
H	42163	44218	44313	45222	47407	48086	46692	45015	44664	44814	43272	42992	FRET Read:280,350

FRET Read:280,480
	1	2	3	4	5	6	7	8	9	10	11	12
A	12456	13250	13091	13858	14650	14697	14665	14772	15154	14338	14533	14749	FRET Read:280,480
B	23873	27834	24350	29574	31789	31466	31478	32223	30623	31675	31979	30324	FRET Read:280,480
C	38913	44105	47932	48919	48459	49976	50390	49893	50113	50250	49379	49036	FRET Read:280,480
D	3412	2991	3096	2864	2564	2700	2642	2858	2886	2736	2678	2681	FRET Read:280,480
E	13568	13906	14161	14700	15416	14463	14597	14422	14322	14267	14391	14187	FRET Read:280,480
F	28334	29575	31312	30337	31015	31954	30633	30813	38369	30638	29507	29967	FRET Read:280,480
G	44819	47559	46267	48287	47817	47474	50980	46469	47008	47231	46634	44491	FRET Read:280,480
H	2898	2749	2564	2618	2697	2702	3147	2579	2759	2703	2674	2617	FRET Read:280,480

FRET Read:350,480
	1	2	3	4	5	6	7	8	9	10	11	12
A	26368	26919	26232	27632	28905	26981	28404	28591	29084	27630	27423	26959	FRET Read:350,480
B	25870	28545	23671	29364	30370	29799	30016	29405	27830	29124	29214	27726	FRET Read:350,480
C	41946	46015	48514	50165	47560	51039	50081	51418	49143	49660	49370	50188	FRET Read:350,480
D	7300	6969	6620	6845	6657	6995	6786	5998	7164	6687	7650	7050	FRET Read:350,480
E	27254	27253	26637	27993	29480	27284	28017	27302	27489	28512	28249	26975	FRET Read:350,480
F	27773	28300	28904	28210	28497	29080	29008	28943	34541	28634	28035	28362	FRET Read:350,480
G	47423	48477	49501	49102	49828	47917	53509	47878	48474	48662	47513	46632	FRET Read:350,480
H	6449	6629	6613	7469	7308	7122	8590	6500	6288	7013	6257	6711	FRET Read:350,480

Fret1
	1	2	3	4	5	6	7	8	9	10	11	12
A	0.291	0.266	0.245	0.243	0.254	0.247	0.253	0.245	0.258	0.253	0.252	0.26	Fret1
B	0.516	0.521	0.433	0.478	0.496	0.496	0.496	0.501	0.487	0.516	0.511	0.501	Fret1
C	0.615	0.606	0.595	0.587	0.582	0.587	0.583	0.589	0.583	0.589	0.583	0.581	Fret1
D	0.097	0.074	0.069	0.061	0.054	0.056	0.055	0.057	0.057	0.054	0.053	0.056	Fret1
E	0.264	0.256	0.254	0.257	0.27	0.251	0.256	0.247	0.242	0.239	0.255	0.254	Fret1
F	0.501	0.508	0.522	0.504	0.505	0.512	0.509	0.508	0.534	0.509	0.493	0.506	Fret1
G	0.594	0.588	0.579	0.58	0.584	0.579	0.597	0.572	0.57	0.583	0.584	0.575	Fret1
H	0.064	0.059	0.055	0.055	0.054	0.053	0.063	0.054	0.058	0.057	0.058	0.057	Fret1

