Procedure Summary

Plate Type	Costar 96 black opaque
Read	Read:  FRET Read (F) 280,350, 280,480, 350,480

Data Reduction Summary

Transformation	Fret1

FRET Read:280,350
	1	2	3	4	5	6	7	8	9	10	11	12
A	31827	38395	41179	44176	44119	46315	44587	46430	44235	44423	44816	43169	FRET Read:280,350
B	24001	27903	31382	34517	33920	32723	33824	33992	33723	31724	32166	34222	FRET Read:280,350
C	26826	30996	34369	37659	36881	37918	38170	37211	37895	37335	37551	37484	FRET Read:280,350
D	34547	40780	45165	46554	47497	48252	47846	48565	49371	49472	50044	47552	FRET Read:280,350
E	39929	43543	44925	45083	43521	45652	44638	46333	47178	47212	45114	44160	FRET Read:280,350
F	30195	29965	30678	31131	31739	32380	31262	31599	30386	31582	32389	31108	FRET Read:280,350
G	32477	35475	34916	36433	36626	36841	35529	36016	37444	35077	34551	34309	FRET Read:280,350
H	44399	45609	46508	47665	48986	49765	48168	47337	47045	46677	45899	44579	FRET Read:280,350

FRET Read:280,480
	1	2	3	4	5	6	7	8	9	10	11	12
A	12528	12785	13078	13490	13962	13868	14495	14432	14452	13904	14095	13968	FRET Read:280,480
B	23828	27361	27299	29421	29816	28440	28999	28894	29023	27851	30269	29563	FRET Read:280,480
C	38499	42886	45345	47737	46832	48908	48568	47876	47029	47415	47056	46721	FRET Read:280,480
D	3031	2931	2922	2856	2852	2793	2704	2539	2910	2689	2869	2685	FRET Read:280,480
E	13068	14293	14432	14807	14850	14242	14169	13977	14205	13925	13161	13657	FRET Read:280,480
F	27828	28820	30212	29785	29342	29288	29090	29025	27753	28280	27862	28545	FRET Read:280,480
G	43657	45309	43967	45366	44581	45962	48699	44718	45033	44435	44517	43617	FRET Read:280,480
H	2927	2635	2799	2726	2909	2934	3326	2909	2834	2844	2695	2704	FRET Read:280,480

FRET Read:350,480
	1	2	3	4	5	6	7	8	9	10	11	12
A	24431	25310	24679	25221	26699	25373	27346	26340	27300	25141	26535	26228	FRET Read:350,480
B	26095	28385	27001	29683	29249	28432	29721	28731	28900	28166	29006	30474	FRET Read:350,480
C	44348	47174	49434	49735	48752	48546	49673	49508	50232	50473	48891	48866	FRET Read:350,480
D	7395	7699	7068	6809	7600	7517	7264	7470	7113	7405	7346	7172	FRET Read:350,480
E	25274	26708	27529	28422	30456	25507	27073	27009	26620	25919	26201	26991	FRET Read:350,480
F	29447	27923	30281	28137	28257	28965	28885	29618	28117	28400	28106	28031	FRET Read:350,480
G	47076	48121	48321	47213	47129	49440	50534	45429	47727	46911	47094	46186	FRET Read:350,480
H	7019	6939	7556	7510	7297	7480	9373	7375	7025	7473	7055	6895	FRET Read:350,480

Fret1
	1	2	3	4	5	6	7	8	9	10	11	12
A	0.282	0.25	0.241	0.234	0.24	0.23	0.245	0.237	0.246	0.238	0.239	0.244	Fret1
B	0.498	0.495	0.465	0.46	0.468	0.465	0.462	0.459	0.463	0.467	0.485	0.463	Fret1
C	0.589	0.58	0.569	0.559	0.559	0.563	0.56	0.563	0.554	0.559	0.556	0.555	Fret1
D	0.081	0.067	0.061	0.058	0.057	0.055	0.053	0.05	0.056	0.052	0.054	0.053	Fret1
E	0.247	0.247	0.243	0.247	0.254	0.238	0.241	0.232	0.231	0.228	0.226	0.236	Fret1
F	0.48	0.49	0.496	0.489	0.48	0.475	0.482	0.479	0.477	0.472	0.462	0.479	Fret1
G	0.573	0.561	0.557	0.555	0.549	0.555	0.578	0.554	0.546	0.559	0.563	0.56	Fret1
H	0.062	0.055	0.057	0.054	0.056	0.056	0.065	0.058	0.057	0.057	0.056	0.057	Fret1

