Procedure Summary

Plate Type	Costar 96 well half area
Read	Read:  absorbance (A) 280, 350, 440, 460, 480
Read	Read:  Trp fluorescence (F) 280,340, 280,340[2]
Read	Read:  excite 280 top (F) 280,440, 280,460, 280,480
Read	Read:  excite 280 bottom (F) 280,440, 280,460, 280,480
Read	Read:  excite 350 top (F) 350,440, 350,460, 350,480
Read	Read:  excite 350 bottom (F) 350,440, 350,460, 350,480

Layout
	1	2	3	4	5	6	7	8	9	10	11	12
A													Well ID
													Name
B													Well ID
													Name
C													Well ID
													Name
D													Well ID
													Name
E													Well ID
													Name
F													Well ID
													Name
G													Well ID
													Name
H													Well ID
													Name

Data Reduction Summary

	

Layout
	1	2	3	4	5	6	7	8	9	10	11	12
A													Well ID
													Name
B													Well ID
													Name
C													Well ID
													Name
D													Well ID
													Name
E													Well ID
													Name
F													Well ID
													Name
G													Well ID
													Name
H													Well ID
													Name

absorbance:280
	1	2	3	4	5	6	7	8	9	10	11	12
A	0.135	0.132	0.136	0.145	0.149	0.141	0.165	0.140	0.132	0.136	0.133	0.140	absorbance:280
B	0.137	0.143	0.144	0.149	0.154	0.149	0.140	0.136	0.157	0.163	0.140	0.139	absorbance:280
C	0.137	0.132	0.129	0.126	0.129	0.143	0.135	0.128	0.143	0.136	0.139	0.137	absorbance:280
D	0.133	0.141	0.132	0.130	0.140	0.122	0.137	0.139	0.131	0.130	0.137	0.134	absorbance:280
E	0.229	0.164	0.166	0.155	0.141	0.139	0.135	0.135	0.148	0.135	0.132	0.156	absorbance:280
F	0.230	0.174	0.146	0.144	0.139	0.142	0.136	0.141	0.148	0.128	0.129	0.141	absorbance:280
G	0.228	0.171	0.179	0.171	0.156	0.148	0.133	0.150	0.162	0.152	0.152	0.146	absorbance:280
H	0.253	0.172	0.162	0.147	0.154	0.128	0.143	0.137	0.162	0.135	0.141	0.150	absorbance:280

absorbance:350
	1	2	3	4	5	6	7	8	9	10	11	12
A	0.034	0.036	0.035	0.034	0.034	0.034	0.034	0.036	0.034	0.034	0.034	0.034	absorbance:350
B	0.034	0.035	0.035	0.034	0.034	0.034	0.034	0.035	0.035	0.034	0.034	0.041	absorbance:350
C	0.035	0.035	0.035	0.035	0.035	0.038	0.035	0.035	0.036	0.035	0.035	0.035	absorbance:350
D	0.035	0.035	0.035	0.035	0.035	0.035	0.035	0.036	0.035	0.035	0.035	0.035	absorbance:350
E	0.064	0.046	0.041	0.039	0.038	0.038	0.038	0.037	0.036	0.035	0.036	0.037	absorbance:350
F	0.063	0.047	0.042	0.040	0.038	0.037	0.037	0.037	0.036	0.036	0.035	0.036	absorbance:350
G	0.064	0.047	0.041	0.039	0.037	0.036	0.035	0.036	0.035	0.035	0.034	0.035	absorbance:350
H	0.074	0.046	0.041	0.038	0.037	0.037	0.036	0.036	0.036	0.035	0.034	0.034	absorbance:350

absorbance:440
	1	2	3	4	5	6	7	8	9	10	11	12
A	0.027	0.041	0.028	0.027	0.027	0.027	0.027	0.028	0.028	0.028	0.027	0.027	absorbance:440
B	0.027	0.028	0.028	0.028	0.027	0.027	0.027	0.028	0.028	0.027	0.028	0.034	absorbance:440
C	0.028	0.028	0.028	0.028	0.028	0.030	0.028	0.028	0.029	0.028	0.028	0.028	absorbance:440
D	0.028	0.028	0.028	0.028	0.028	0.028	0.028	0.029	0.028	0.028	0.028	0.028	absorbance:440
E	0.029	0.029	0.029	0.029	0.028	0.029	0.029	0.029	0.028	0.028	0.029	0.029	absorbance:440
F	0.029	0.029	0.029	0.029	0.029	0.028	0.029	0.029	0.028	0.029	0.028	0.028	absorbance:440
G	0.028	0.029	0.028	0.028	0.028	0.028	0.027	0.028	0.028	0.028	0.027	0.027	absorbance:440
H	0.036	0.028	0.028	0.028	0.028	0.028	0.028	0.028	0.028	0.028	0.027	0.027	absorbance:440

absorbance:460
	1	2	3	4	5	6	7	8	9	10	11	12
A	0.027	0.047	0.027	0.027	0.027	0.027	0.027	0.028	0.027	0.027	0.027	0.027	absorbance:460
B	0.027	0.027	0.027	0.027	0.027	0.027	0.027	0.027	0.027	0.027	0.027	0.034	absorbance:460
C	0.028	0.028	0.028	0.028	0.028	0.029	0.028	0.028	0.028	0.028	0.028	0.028	absorbance:460
D	0.028	0.028	0.028	0.027	0.028	0.028	0.028	0.028	0.028	0.028	0.028	0.028	absorbance:460
E	0.029	0.028	0.028	0.028	0.028	0.028	0.029	0.028	0.028	0.028	0.028	0.029	absorbance:460
F	0.028	0.028	0.029	0.029	0.028	0.028	0.028	0.028	0.028	0.028	0.028	0.028	absorbance:460
G	0.028	0.028	0.027	0.027	0.027	0.027	0.027	0.028	0.027	0.027	0.027	0.027	absorbance:460
H	0.036	0.027	0.028	0.028	0.027	0.027	0.027	0.028	0.027	0.027	0.027	0.027	absorbance:460

absorbance:480
	1	2	3	4	5	6	7	8	9	10	11	12
A	0.026	0.047	0.027	0.027	0.026	0.026	0.026	0.027	0.027	0.027	0.026	0.027	absorbance:480
B	0.026	0.027	0.027	0.027	0.026	0.026	0.026	0.027	0.027	0.027	0.026	0.033	absorbance:480
C	0.027	0.027	0.027	0.027	0.027	0.029	0.027	0.027	0.028	0.027	0.027	0.027	absorbance:480
D	0.027	0.027	0.028	0.027	0.027	0.027	0.027	0.028	0.027	0.027	0.027	0.028	absorbance:480
E	0.028	0.028	0.027	0.028	0.027	0.028	0.028	0.028	0.027	0.027	0.028	0.028	absorbance:480
F	0.028	0.028	0.028	0.028	0.028	0.027	0.028	0.028	0.027	0.028	0.027	0.027	absorbance:480
G	0.027	0.028	0.027	0.027	0.027	0.027	0.026	0.027	0.027	0.027	0.026	0.026	absorbance:480
H	0.035	0.027	0.027	0.027	0.027	0.027	0.027	0.027	0.027	0.027	0.027	0.026	absorbance:480

Trp fluorescence:280,340
	1	2	3	4	5	6	7	8	9	10	11	12
A	4290	4326	4123	4288	4406	4365	4305	4259	4449	4393	4521	4586	Trp fluorescence:280,340
B	4345	4003	3929	3968	4101	4191	4001	4232	4163	4414	4461	7306	Trp fluorescence:280,340
C	10007	9880	9764	9122	10352	10444	12533	9562	10704	10107	10502	10711	Trp fluorescence:280,340
D	10093	9945	8874	9338	9645	8489	9709	9734	10258	9541	10374	10174	Trp fluorescence:280,340
E	6843	6319	7291	8000	7256	7559	7138	7296	7489	7516	6881	8473	Trp fluorescence:280,340
F	6251	6767	6614	6851	7022	7112	7349	7115	6814	6750	7207	8169	Trp fluorescence:280,340
G	3241	3509	3625	3651	3615	3752	3825	3909	3828	4067	4206	4749	Trp fluorescence:280,340
H	3347	3632	3881	3875	3939	4035	3993	4127	4433	4442	4680	4686	Trp fluorescence:280,340

Trp fluorescence:280,340[2]
	1	2	3	4	5	6	7	8	9	10	11	12
A	14784	16759	14542	14343	14876	14500	14962	14913	14946	14856	15382	15345	Trp fluorescence:280,340[2]
B	14633	14993	13730	13823	13756	14026	13842	13942	13619	14322	14667	61825	Trp fluorescence:280,340[2]
C	22331	21832	21700	20954	20890	22376	23536	21048	21068	21907	22937	23024	Trp fluorescence:280,340[2]
D	21919	21658	20527	20184	21333	19484	21447	20803	21334	21210	22668	23257	Trp fluorescence:280,340[2]
E	22913	16958	17421	17968	17551	17351	17309	17815	17629	18182	17974	20120	Trp fluorescence:280,340[2]
F	17079	17227	18245	16905	17086	17309	17807	17566	16715	16993	18389	20214	Trp fluorescence:280,340[2]
G	12834	12877	12637	12576	12428	12573	12628	12919	13035	13382	14027	14993	Trp fluorescence:280,340[2]
H	13716	13378	13442	13385	13599	13821	13374	13802	13545	14231	14879	15187	Trp fluorescence:280,340[2]

excite 280 top:280,440
	1	2	3	4	5	6	7	8	9	10	11	12
A	2815	2715	2731	2783	2887	3137	2800	2618	2788	2792	2809	2876	excite 280 top:280,440
B	2812	2559	2677	2575	2673	2654	2673	2642	3032	2738	2794	3146	excite 280 top:280,440
C	2944	2725	2837	2771	2987	3227	2932	2776	2843	2840	2939	2973	excite 280 top:280,440
D	3835	2790	2694	2768	2842	2735	2609	2777	2744	2866	2904	2994	excite 280 top:280,440
E	11986	8046	7280	6576	5886	5483	4807	4632	4571	4463	4101	4865	excite 280 top:280,440
F	11741	8484	7082	6202	5518	5159	4787	4510	4331	4004	4395	4609	excite 280 top:280,440
G	10589	6948	5540	4776	4054	3646	3048	2929	2871	2848	2971	3205	excite 280 top:280,440
H	10834	6874	5522	4611	3910	3596	3149	3063	2937	2974	2883	2966	excite 280 top:280,440

excite 280 top:280,460
	1	2	3	4	5	6	7	8	9	10	11	12
A	1891	1792	1772	1799	1865	2042	1856	1770	1776	1873	1833	1884	excite 280 top:280,460
B	1759	1731	1782	1712	1827	1832	1706	1756	1903	1819	1836	1969	excite 280 top:280,460
C	1847	1781	1712	1810	1777	2006	1927	1800	1852	1727	1850	1944	excite 280 top:280,460
D	2233	1864	1722	1790	1818	1714	1751	1812	1699	1824	1890	1851	excite 280 top:280,460
E	12166	8055	7607	6700	5969	5411	4519	4599	4496	4228	3846	4533	excite 280 top:280,460
F	11686	8531	6912	6282	5564	5066	4785	4360	4035	3659	3930	4315	excite 280 top:280,460
G	10321	6562	5049	4245	3336	2896	2202	2156	1946	1971	1985	2117	excite 280 top:280,460
H	10649	6395	4886	4021	3176	2803	2170	2082	2086	2001	1911	2003	excite 280 top:280,460

excite 280 top:280,480
	1	2	3	4	5	6	7	8	9	10	11	12
A	2112	1971	1965	1910	2084	2150	2037	1889	1965	1960	2017	1969	excite 280 top:280,480
B	2036	1891	1883	1807	1873	1902	1912	1956	2015	1936	1931	2179	excite 280 top:280,480
C	1929	1889	1937	1896	2019	2058	2040	1853	2039	2000	1960	2050	excite 280 top:280,480
D	2433	1945	1814	1980	1948	1921	1817	1935	1918	1970	2007	2065	excite 280 top:280,480
E	15651	10908	10270	9029	7992	7297	6336	6014	6129	5620	5009	6258	excite 280 top:280,480
F	15413	11303	9299	8358	7322	6690	6355	5787	5327	4789	5335	5635	excite 280 top:280,480
G	13344	8522	6577	5287	4123	3468	2668	2464	2299	2241	2146	2337	excite 280 top:280,480
H	13594	8418	6469	5084	3880	3430	2580	2513	2389	2289	2303	2250	excite 280 top:280,480

excite 280 bottom:280,440
	1	2	3	4	5	6	7	8	9	10	11	12
A	7778	8164	7660	7740	7871	7680	7873	7619	7686	7905	7971	8009	excite 280 bottom:280,440
B	7850	7514	7360	7450	7588	7614	7507	7504	7379	7565	7736	10691	excite 280 bottom:280,440
C	7980	7768	7792	7891	8165	8734	7770	7777	7835	7788	7931	8240	excite 280 bottom:280,440
D	9396	7762	7579	7771	7764	7718	7774	7609	7836	7904	7824	8012	excite 280 bottom:280,440
E	32284	24346	20339	17275	15371	13258	11351	11099	10717	10138	10122	10598	excite 280 bottom:280,440
F	31811	24591	19900	16918	14630	12730	11754	10878	10251	9939	9966	10557	excite 280 bottom:280,440
G	28759	21879	17940	15334	12581	11140	9100	8462	8125	8014	8037	8333	excite 280 bottom:280,440
H	29107	21572	17607	14843	12112	10694	9175	8595	8155	8307	7996	8053	excite 280 bottom:280,440

excite 280 bottom:280,460
	1	2	3	4	5	6	7	8	9	10	11	12
A	5239	5469	5170	5206	5381	5354	5160	5109	5146	5237	5376	5592	excite 280 bottom:280,460
B	5287	5037	5094	5045	5128	5157	5094	4990	4915	4995	5114	6834	excite 280 bottom:280,460
C	5132	5144	5019	5174	5198	5598	5208	5094	5167	5178	5321	5389	excite 280 bottom:280,460
D	6117	5179	5025	5017	5182	5099	5008	5085	4927	5345	5309	5473	excite 280 bottom:280,460
E	30785	23453	19376	15866	13960	11900	10034	9566	9155	8709	8409	8825	excite 280 bottom:280,460
F	30911	23304	18396	15669	13158	11221	10136	9486	8560	8231	8459	8807	excite 280 bottom:280,460
G	27101	20125	15985	13160	10338	8668	6747	6312	5851	5659	5481	5626	excite 280 bottom:280,460
H	27477	19547	15658	12448	10033	8407	6731	6252	5947	5612	5697	5516	excite 280 bottom:280,460

excite 280 bottom:280,480
	1	2	3	4	5	6	7	8	9	10	11	12
A	5592	5856	5431	5475	5809	5799	5720	5609	5549	5642	5818	5821	excite 280 bottom:280,480
B	5618	5594	5288	5385	5512	5360	5528	5371	5513	5505	5730	7060	excite 280 bottom:280,480
C	5631	5442	5470	5427	5769	6007	5377	5430	5606	5479	5824	5870	excite 280 bottom:280,480
D	6350	5483	5415	5300	5635	5539	5326	5453	5429	5672	5677	5866	excite 280 bottom:280,480
E	39208	29797	24340	20677	17393	15088	12550	12007	11561	10678	10312	11553	excite 280 bottom:280,480
F	38751	29748	23586	20115	17154	14102	13147	11862	10709	9836	10410	10696	excite 280 bottom:280,480
G	34150	25272	19675	16064	12522	10679	7674	7200	6561	6289	6091	6345	excite 280 bottom:280,480
H	34404	24846	19227	15305	12098	10057	7632	6956	6554	6335	6213	6151	excite 280 bottom:280,480

excite 350 top:350,440
	1	2	3	4	5	6	7	8	9	10	11	12
A	3540	3545	3465	3516	3645	4205	3611	3453	3545	3710	3730	3769	excite 350 top:350,440
B	4079	3444	3541	3508	3599	3419	3475	3483	4173	3574	3578	4173	excite 350 top:350,440
C	3483	3437	3772	3503	3680	4958	3873	3617	3697	3512	3615	3680	excite 350 top:350,440
D	6174	3441	3439	3460	3435	3327	3475	3534	3505	3584	3527	3730	excite 350 top:350,440
E	7064	5287	4849	4734	4428	4179	4027	3900	4174	4106	3943	4083	excite 350 top:350,440
F	6910	5463	4821	4682	4505	4328	3951	4092	3963	3804	3932	4109	excite 350 top:350,440
G	6573	5258	4695	4490	4126	3895	3690	3831	3636	3750	3627	4083	excite 350 top:350,440
H	6728	5121	4696	4306	4212	4003	3812	3692	3835	3805	3718	4006	excite 350 top:350,440

excite 350 top:350,460
	1	2	3	4	5	6	7	8	9	10	11	12
A	2396	2345	2242	2238	2347	2608	2174	2226	2263	2269	2243	2449	excite 350 top:350,460
B	2362	2112	2171	2228	2192	2201	2237	2204	2508	2302	2347	2659	excite 350 top:350,460
C	2215	2165	2332	2201	2181	2977	2328	2205	2265	2160	2301	2324	excite 350 top:350,460
D	3427	2151	2100	2111	2256	2067	2135	2138	2266	2283	2238	2262	excite 350 top:350,460
E	5954	4336	4017	3672	3470	3157	2933	2713	2987	2835	2633	2891	excite 350 top:350,460
F	5636	4345	3730	3653	3322	3079	2876	2961	2821	2621	2807	2966	excite 350 top:350,460
G	5543	4106	3536	3299	2932	2684	2461	2497	2384	2265	2279	2741	excite 350 top:350,460
H	5703	4161	3636	3177	2976	2738	2438	2454	2499	2381	2448	2542	excite 350 top:350,460

excite 350 top:350,480
	1	2	3	4	5	6	7	8	9	10	11	12
A	2327	2199	2242	2282	2306	2459	2262	2245	2237	2228	2334	2390	excite 350 top:350,480
B	2393	2225	2246	2224	2290	2243	2258	2274	2569	2368	2350	2484	excite 350 top:350,480
C	2184	2151	2317	2183	2329	2817	2280	2134	2337	2279	2239	2411	excite 350 top:350,480
D	3208	2161	2231	2194	2163	2132	2270	2166	2141	2211	2337	2442	excite 350 top:350,480
E	7181	5179	4899	4440	3877	3621	3103	3172	3144	3035	2829	3326	excite 350 top:350,480
F	6973	5329	4491	4281	3663	3482	3233	3161	3021	2871	2981	3136	excite 350 top:350,480
G	6731	4915	4192	3718	3129	3019	2699	2721	2427	2450	2365	2661	excite 350 top:350,480
H	7124	4906	4130	3516	3311	3007	2644	2485	2541	2479	2503	2590	excite 350 top:350,480

excite 350 bottom:350,440
	1	2	3	4	5	6	7	8	9	10	11	12
A	8589	8764	8277	8439	8670	8392	8588	8444	8626	8616	8651	8614	excite 350 bottom:350,440
B	9480	8426	8351	8257	8420	8398	8506	8402	8400	8494	8658	11040	excite 350 bottom:350,440
C	8601	8419	8817	8616	8816	10358	8828	8514	8717	8641	8619	8838	excite 350 bottom:350,440
D	14244	8506	8262	8370	8754	8366	8442	8557	8441	8467	8626	8874	excite 350 bottom:350,440
E	16667	13153	11853	11255	10676	10009	9304	9352	9305	9376	9213	9469	excite 350 bottom:350,440
F	15529	13464	12104	11409	10575	9965	9688	9334	9349	9142	9242	9403	excite 350 bottom:350,440
G	15036	12742	11499	10598	10120	9627	8918	9041	8877	8799	8725	9274	excite 350 bottom:350,440
H	15311	12392	11453	10721	10383	9592	8828	8918	8816	8775	8724	8947	excite 350 bottom:350,440

excite 350 bottom:350,460
	1	2	3	4	5	6	7	8	9	10	11	12
A	5333	5589	5160	5312	5378	5255	5268	5280	5203	5315	5443	5389	excite 350 bottom:350,460
B	5610	5177	5139	5234	5303	5232	5035	5178	5124	5274	5217	6662	excite 350 bottom:350,460
C	5350	5166	5297	5362	5491	6129	5430	5180	5427	5414	5373	5360	excite 350 bottom:350,460
D	8432	5279	5126	5179	5333	5266	5234	5315	5268	5344	5425	5531	excite 350 bottom:350,460
E	13313	10535	9259	8539	7699	7022	6676	6335	6325	6253	6015	6318	excite 350 bottom:350,460
F	12590	10430	9145	8295	7687	6888	6654	6388	6207	6098	5898	6268	excite 350 bottom:350,460
G	12091	9708	8432	7696	7101	6437	5825	5960	5699	5495	5438	5822	excite 350 bottom:350,460
H	12413	9467	8485	7649	6916	6437	5824	5694	5513	5578	5479	5686	excite 350 bottom:350,460

excite 350 bottom:350,480
	1	2	3	4	5	6	7	8	9	10	11	12
A	5267	5379	5003	5056	5270	5242	5176	5098	5217	5243	5204	5327	excite 350 bottom:350,480
B	5567	5091	4991	5174	5268	5100	5015	5117	5010	5213	5113	6392	excite 350 bottom:350,480
C	5101	5135	5179	5319	5342	5868	5245	5205	5380	5202	5418	5342	excite 350 bottom:350,480
D	7703	5083	5050	5110	5390	5093	5144	5127	5143	5225	5269	5467	excite 350 bottom:350,480
E	15481	12042	10605	9451	8382	7689	7069	6729	6666	6416	6333	6713	excite 350 bottom:350,480
F	15033	12120	10508	9262	8238	7440	7095	6674	6361	6279	6359	6568	excite 350 bottom:350,480
G	14075	11206	9612	8495	7455	6745	5992	6079	5502	5467	5422	5660	excite 350 bottom:350,480
H	14345	11286	9388	8275	7481	6771	5958	5845	5539	5574	5516	5491	excite 350 bottom:350,480

