Procedure Summary

Plate Type	Corning 3596 96 well flat bottom
Read	Read:  D1 (F) 350,440, 350,460, 350,480
Plate In/Out	Plate Out,In   insert D2
Read	Read:  D2 (F) 350,440, 350,460, 350,480
Plate In/Out	Plate Out,In   insert D3
Read	Read:  D3 (F) 350,440, 350,460, 350,480
Plate In/Out	Plate Out,In   insert D4
Read	Read:  D4 (F) 350,440, 350,460, 350,480
Plate In/Out	Plate Out,In   insert D5
Read	Read:  D5 (F) 350,440, 350,460, 350,480
Plate In/Out	Plate Out,In   insert D6
Read	Read:  D6 (F) 350,440, 350,460, 350,480

Layout
	1	2	3	4	5	6	7	8	9	10	11	12
A													Well ID
													Name
B													Well ID
													Name
C													Well ID
													Name
D													Well ID
													Name
E													Well ID
													Name
F													Well ID
													Name
G													Well ID
													Name
H													Well ID
													Name

Data Reduction Summary

	

Layout
	1	2	3	4	5	6	7	8	9	10	11	12
A													Well ID
													Name
B													Well ID
													Name
C													Well ID
													Name
D													Well ID
													Name
E													Well ID
													Name
F													Well ID
													Name
G													Well ID
													Name
H													Well ID
													Name

D1:350,440
	1	2	3	4	5	6	7	8	9	10	11	12
A	372	387	398	366	412	411	370	398	404	409	365	385	D1:350,440
B	522	451	486	455	483	578	495	509	472	479	517	493	D1:350,440
C	48913	51022	49692	50678	51080	52604	50668	51772	51995	52320	53110	50272	D1:350,440
D	63367	68864	65821	57684	54310	50635	52172	53396	60817	71061	75283	87130	D1:350,440
E	1522	1575	1417	1387	1168	1186	1145	1358	3904	1715	1444	3353	D1:350,440
F	6405	6941	5592	6519	6982	6811	6169	6441	6711	7670	7893	9413	D1:350,440
G	48653	49522	44500	33271	34146	41531	36124	36241	42163	49244	41921	58618	D1:350,440
H	342	329	331	338	349	356	381	340	400	360	345	366	D1:350,440

D1:350,460
	1	2	3	4	5	6	7	8	9	10	11	12
A	208	188	206	180	190	201	236	184	194	191	230	188	D1:350,460
B	329	291	296	306	322	359	327	308	330	304	495	318	D1:350,460
C	13372	13998	13403	13712	13645	14116	13672	14034	14234	14170	14517	13592	D1:350,460
D	55216	61067	60408	54760	49343	48590	50073	52273	54960	61888	65453	74656	D1:350,460
E	981	1039	910	862	787	791	738	880	2091	1127	965	1393	D1:350,460
F	2855	3074	2642	2578	2846	3012	2818	3142	3087	3708	3659	4744	D1:350,460
G	21650	22302	19290	15371	16908	20439	17709	15988	19167	24225	18790	26220	D1:350,460
H	183	207	205	176	181	201	217	198	235	179	193	193	D1:350,460

D1:350,480
	1	2	3	4	5	6	7	8	9	10	11	12
A	151	178	168	187	167	175	187	187	164	170	184	196	D1:350,480
B	324	318	321	305	328	372	318	309	326	273	440	322	D1:350,480
C	6381	6631	6260	6656	6448	6448	6325	6773	6800	6839	7056	6434	D1:350,480
D	58318	62990	64607	58490	48755	52359	53985	56328	57136	63577	65062	73569	D1:350,480
E	1105	1170	1070	6895	935	871	816	988	2283	1281	1079	1525	D1:350,480
F	2420	2518	2196	2023	2470	2402	2543	2624	2584	3510	3151	3751	D1:350,480
G	15471	16620	13976	11433	13016	15527	15150	11721	15770	20907	14187	20018	D1:350,480
H	183	191	174	177	174	184	192	152	208	190	211	163	D1:350,480

D2:350,440
	1	2	3	4	5	6	7	8	9	10	11	12
A	416	434	472	425	438	464	468	435	480	466	435	428	D2:350,440
B	455	471	482	504	507	486	465	502	492	454	476	438	D2:350,440
C	5988	5841	5132	5420	5300	5939	6067	4896	5356	5376	4916	5100	D2:350,440
D	1152	1107	1587	1405	1721	1148	1185	1459	1518	1390	1476	1439	D2:350,440
E	644	709	649	586	637	660	708	590	662	679	689	696	D2:350,440
F	725	817	728	739	710	803	872	824	809	926	824	856	D2:350,440
G	1584	1660	1385	1831	1768	1655	1795	1976	1679	1643	1462	1800	D2:350,440
H	678	497	474	476	512	439	508	492	441	461	471	396	D2:350,440

D2:350,460
	1	2	3	4	5	6	7	8	9	10	11	12
A	221	243	245	242	224	250	243	263	250	232	241	222	D2:350,460
B	224	234	254	260	274	267	252	287	261	257	244	246	D2:350,460
C	1679	1572	1393	1471	1445	1618	1692	1359	1448	1466	1340	1379	D2:350,460
D	868	862	1235	1104	1340	873	941	1167	1213	1095	1187	1181	D2:350,460
E	365	392	322	359	350	359	389	355	377	392	405	409	D2:350,460
F	409	454	408	436	396	458	502	470	485	567	516	498	D2:350,460
G	973	1003	809	1078	1041	1009	1082	1198	1027	1019	884	1093	D2:350,460
H	346	249	245	248	277	236	249	293	237	241	272	238	D2:350,460

D2:350,480
	1	2	3	4	5	6	7	8	9	10	11	12
A	193	184	215	194	204	230	214	223	220	211	206	200	D2:350,480
B	244	206	227	228	227	255	246	243	230	230	245	206	D2:350,480
C	768	733	675	701	656	744	1001	683	703	708	646	702	D2:350,480
D	984	971	1392	1217	1490	951	1007	1288	1357	1232	1367	1376	D2:350,480
E	369	387	332	328	337	361	409	350	337	385	353	386	D2:350,480
F	389	434	403	437	364	477	530	466	465	539	522	473	D2:350,480
G	958	955	751	1010	1041	1008	1067	1218	1041	980	870	1119	D2:350,480
H	272	188	230	211	232	202	220	220	221	240	196	199	D2:350,480

D3:350,440
	1	2	3	4	5	6	7	8	9	10	11	12
A	418	428	462	483	452	449	456	450	458	448	435	412	D3:350,440
B	464	484	439	476	477	473	479	458	449	470	455	412	D3:350,440
C	1862	1800	2116	1832	2090	2459	2241	2045	1993	2257	1755	1771	D3:350,440
D	521	544	532	602	488	583	542	547	574	565	606	527	D3:350,440
E	500	507	507	611	514	499	798	1898	546	545	604	544	D3:350,440
F	485	585	521	548	497	511	594	582	517	508	565	575	D3:350,440
G	694	714	663	823	990	790	795	825	850	731	722	759	D3:350,440
H	438	447	484	454	457	448	480	470	457	467	436	451	D3:350,440

D3:350,460
	1	2	3	4	5	6	7	8	9	10	11	12
A	210	255	249	234	235	255	231	229	235	235	245	231	D3:350,460
B	235	253	225	252	253	247	264	238	253	240	254	243	D3:350,460
C	587	590	670	569	667	767	709	640	623	686	593	566	D3:350,460
D	309	296	313	358	285	331	312	306	330	365	352	353	D3:350,460
E	268	275	288	315	272	278	439	1005	304	295	316	298	D3:350,460
F	277	338	297	298	284	290	319	316	306	301	267	324	D3:350,460
G	366	419	377	468	569	465	439	477	496	417	430	433	D3:350,460
H	220	243	255	273	251	244	238	256	249	236	246	226	D3:350,460

D3:350,480
	1	2	3	4	5	6	7	8	9	10	11	12
A	190	211	211	231	216	216	190	198	216	209	216	185	D3:350,480
B	202	198	220	235	241	232	228	206	236	230	203	192	D3:350,480
C	368	365	356	370	365	408	395	371	374	381	309	363	D3:350,480
D	303	274	323	357	304	358	288	289	367	388	396	359	D3:350,480
E	228	241	229	299	257	221	364	832	258	275	311	273	D3:350,480
F	242	292	280	269	272	246	292	306	261	264	275	313	D3:350,480
G	363	375	337	424	518	453	435	452	458	349	393	385	D3:350,480
H	222	238	225	238	253	199	207	220	250	209	215	223	D3:350,480

D4:350,440
	1	2	3	4	5	6	7	8	9	10	11	12
A	426	468	490	1200	496	458	482	456	469	478	461	452	D4:350,440
B	477	452	501	497	504	476	1033	516	475	470	461	471	D4:350,440
C	1663	1512	1649	1565	1451	1680	1577	1903	1625	1962	1727	1432	D4:350,440
D	469	519	494	488	492	481	487	513	506	500	590	534	D4:350,440
E	501	498	481	497	495	496	568	496	567	528	524	540	D4:350,440
F	484	546	492	528	498	492	552	497	519	737	505	507	D4:350,440
G	571	582	674	718	598	654	669	676	690	701	595	757	D4:350,440
H	474	456	454	437	471	464	474	490	499	478	487	460	D4:350,440

D4:350,460
	1	2	3	4	5	6	7	8	9	10	11	12
A	232	263	219	273	245	254	215	232	257	248	261	230	D4:350,460
B	238	258	250	256	278	265	580	276	259	251	257	264	D4:350,460
C	559	494	556	531	476	546	536	613	506	594	581	478	D4:350,460
D	263	281	331	297	275	271	269	319	281	323	371	299	D4:350,460
E	272	250	264	260	250	265	284	268	288	294	278	292	D4:350,460
F	274	302	251	281	271	255	316	251	290	380	288	302	D4:350,460
G	330	337	377	403	326	378	362	373	378	378	321	425	D4:350,460
H	258	258	257	248	250	262	273	276	282	277	246	248	D4:350,460

D4:350,480
	1	2	3	4	5	6	7	8	9	10	11	12
A	197	227	212	231	223	228	203	222	225	194	205	218	D4:350,480
B	216	213	223	204	249	224	551	226	237	231	223	224	D4:350,480
C	346	310	358	338	309	350	336	356	334	363	334	324	D4:350,480
D	257	275	294	279	246	227	264	295	287	296	352	294	D4:350,480
E	233	233	248	219	231	248	260	257	260	258	252	266	D4:350,480
F	238	246	240	227	255	248	280	264	276	322	231	264	D4:350,480
G	288	285	347	351	294	344	350	338	333	357	298	423	D4:350,480
H	210	236	210	215	210	206	212	232	210	213	218	228	D4:350,480

D5:350,440
	1	2	3	4	5	6	7	8	9	10	11	12
A	448	466	468	468	454	461	467	443	444	510	444	457	D5:350,440
B	445	465	455	520	468	557	502	504	499	476	597	444	D5:350,440
C	1075	1210	1489	1422	1210	1031	1613	1207	1438	1279	1205	1175	D5:350,440
D	472	512	522	484	494	507	492	500	493	497	514	506	D5:350,440
E	471	482	510	505	472	480	490	528	540	510	487	495	D5:350,440
F	476	546	476	509	506	502	510	556	518	461	439	470	D5:350,440
G	528	550	559	614	561	565	581	550	541	534	475	565	D5:350,440
H	464	499	552	526	484	490	504	490	470	465	461	444	D5:350,440

D5:350,460
	1	2	3	4	5	6	7	8	9	10	11	12
A	239	236	216	240	263	276	250	233	265	237	231	235	D5:350,460
B	245	236	264	275	267	291	272	264	277	241	314	253	D5:350,460
C	385	431	493	497	440	369	520	415	485	453	436	422	D5:350,460
D	286	298	291	285	295	271	272	276	292	295	292	278	D5:350,460
E	218	289	270	241	232	269	262	277	276	252	261	257	D5:350,460
F	252	293	262	281	261	265	288	256	256	239	227	237	D5:350,460
G	293	300	309	318	293	299	295	307	283	276	261	292	D5:350,460
H	238	274	290	270	235	259	249	272	262	281	233	219	D5:350,460

D5:350,480
	1	2	3	4	5	6	7	8	9	10	11	12
A	220	207	220	248	202	219	221	217	225	229	230	238	D5:350,480
B	196	224	221	253	231	248	220	232	233	224	297	210	D5:350,480
C	275	280	323	320	306	257	327	291	320	294	295	302	D5:350,480
D	254	258	299	242	262	263	263	262	235	280	240	283	D5:350,480
E	225	225	236	239	202	223	220	217	256	251	208	213	D5:350,480
F	223	248	198	242	224	237	253	218	259	235	217	229	D5:350,480
G	251	267	262	308	250	272	263	271	285	282	232	266	D5:350,480
H	219	217	273	246	226	221	226	212	210	216	213	217	D5:350,480

D6:350,440
	1	2	3	4	5	6	7	8	9	10	11	12
A	483	508	513	537	513	497	528	510	539	517	491	494	D6:350,440
B	496	529	541	540	534	517	557	551	511	511	509	497	D6:350,440
C	1176	1313	1066	1469	1404	930	1236	1221	1223	1127	1141	1140	D6:350,440
D	534	553	545	555	564	508	513	541	555	501	521	547	D6:350,440
E	549	560	548	569	522	536	568	549	521	517	606	504	D6:350,440
F	533	621	541	547	520	527	571	547	534	500	472	546	D6:350,440
G	517	554	562	560	576	530	594	559	554	580	575	464	D6:350,440
H	486	533	539	560	534	501	529	565	511	529	557	481	D6:350,440

D6:350,460
	1	2	3	4	5	6	7	8	9	10	11	12
A	277	285	283	270	284	299	300	270	304	274	285	274	D6:350,460
B	233	297	291	297	313	269	286	297	295	278	307	280	D6:350,460
C	439	487	419	517	495	355	477	443	457	433	424	421	D6:350,460
D	286	274	300	298	308	274	250	312	333	277	320	331	D6:350,460
E	312	305	292	307	304	285	301	269	291	276	288	288	D6:350,460
F	298	352	268	287	314	271	289	319	292	270	257	256	D6:350,460
G	287	301	290	300	288	296	307	300	308	327	300	255	D6:350,460
H	271	286	277	270	297	302	279	268	295	304	305	257	D6:350,460

D6:350,480
	1	2	3	4	5	6	7	8	9	10	11	12
A	211	243	253	232	265	224	271	237	244	244	256	229	D6:350,480
B	206	233	229	265	269	242	226	264	256	246	259	228	D6:350,480
C	286	313	278	342	328	251	306	313	338	319	305	276	D6:350,480
D	261	272	281	270	291	231	229	294	287	291	264	296	D6:350,480
E	245	260	273	262	227	223	266	275	243	242	276	262	D6:350,480
F	226	272	242	272	245	255	256	235	253	239	221	246	D6:350,480
G	267	281	236	276	248	261	278	268	276	272	261	219	D6:350,480
H	217	244	256	254	258	241	280	260	257	248	238	239	D6:350,480

Procedure Summary

Plate Type	Corning 3596 96 well flat bottom
Read	Read:  D1 (F) 350,440, 350,460, 350,480
Plate In/Out	Plate Out,In   insert D2
Read	Read:  D2 (F) 350,440, 350,460, 350,480
Plate In/Out	Plate Out,In   insert D3
Read	Read:  D3 (F) 350,440, 350,460, 350,480
Plate In/Out	Plate Out,In   insert D4
Read	Read:  D4 (F) 350,440, 350,460, 350,480
Plate In/Out	Plate Out,In   insert D5
Read	Read:  D5 (F) 350,440, 350,460, 350,480
Plate In/Out	Plate Out,In   insert D6
Read	Read:  D6 (F) 350,440, 350,460, 350,480

Layout
	1	2	3	4	5	6	7	8	9	10	11	12
A													Well ID
													Name
B													Well ID
													Name
C													Well ID
													Name
D													Well ID
													Name
E													Well ID
													Name
F													Well ID
													Name
G													Well ID
													Name
H													Well ID
													Name

Data Reduction Summary

	

Layout
	1	2	3	4	5	6	7	8	9	10	11	12
A													Well ID
													Name
B													Well ID
													Name
C													Well ID
													Name
D													Well ID
													Name
E													Well ID
													Name
F													Well ID
													Name
G													Well ID
													Name
H													Well ID
													Name

D1:350,440
	1	2	3	4	5	6	7	8	9	10	11	12
A	372	387	398	366	412	411	370	398	404	409	365	385	D1:350,440
B	522	451	486	455	483	578	495	509	472	479	517	493	D1:350,440
C	48913	51022	49692	50678	51080	52604	50668	51772	51995	52320	53110	50272	D1:350,440
D	63367	68864	65821	57684	54310	50635	52172	53396	60817	71061	75283	87130	D1:350,440
E	1522	1575	1417	1387	1168	1186	1145	1358	3904	1715	1444	3353	D1:350,440
F	6405	6941	5592	6519	6982	6811	6169	6441	6711	7670	7893	9413	D1:350,440
G	48653	49522	44500	33271	34146	41531	36124	36241	42163	49244	41921	58618	D1:350,440
H	342	329	331	338	349	356	381	340	400	360	345	366	D1:350,440

D1:350,460
	1	2	3	4	5	6	7	8	9	10	11	12
A	208	188	206	180	190	201	236	184	194	191	230	188	D1:350,460
B	329	291	296	306	322	359	327	308	330	304	495	318	D1:350,460
C	13372	13998	13403	13712	13645	14116	13672	14034	14234	14170	14517	13592	D1:350,460
D	55216	61067	60408	54760	49343	48590	50073	52273	54960	61888	65453	74656	D1:350,460
E	981	1039	910	862	787	791	738	880	2091	1127	965	1393	D1:350,460
F	2855	3074	2642	2578	2846	3012	2818	3142	3087	3708	3659	4744	D1:350,460
G	21650	22302	19290	15371	16908	20439	17709	15988	19167	24225	18790	26220	D1:350,460
H	183	207	205	176	181	201	217	198	235	179	193	193	D1:350,460

D1:350,480
	1	2	3	4	5	6	7	8	9	10	11	12
A	151	178	168	187	167	175	187	187	164	170	184	196	D1:350,480
B	324	318	321	305	328	372	318	309	326	273	440	322	D1:350,480
C	6381	6631	6260	6656	6448	6448	6325	6773	6800	6839	7056	6434	D1:350,480
D	58318	62990	64607	58490	48755	52359	53985	56328	57136	63577	65062	73569	D1:350,480
E	1105	1170	1070	6895	935	871	816	988	2283	1281	1079	1525	D1:350,480
F	2420	2518	2196	2023	2470	2402	2543	2624	2584	3510	3151	3751	D1:350,480
G	15471	16620	13976	11433	13016	15527	15150	11721	15770	20907	14187	20018	D1:350,480
H	183	191	174	177	174	184	192	152	208	190	211	163	D1:350,480

D2:350,440
	1	2	3	4	5	6	7	8	9	10	11	12
A	416	434	472	425	438	464	468	435	480	466	435	428	D2:350,440
B	455	471	482	504	507	486	465	502	492	454	476	438	D2:350,440
C	5988	5841	5132	5420	5300	5939	6067	4896	5356	5376	4916	5100	D2:350,440
D	1152	1107	1587	1405	1721	1148	1185	1459	1518	1390	1476	1439	D2:350,440
E	644	709	649	586	637	660	708	590	662	679	689	696	D2:350,440
F	725	817	728	739	710	803	872	824	809	926	824	856	D2:350,440
G	1584	1660	1385	1831	1768	1655	1795	1976	1679	1643	1462	1800	D2:350,440
H	678	497	474	476	512	439	508	492	441	461	471	396	D2:350,440

D2:350,460
	1	2	3	4	5	6	7	8	9	10	11	12
A	221	243	245	242	224	250	243	263	250	232	241	222	D2:350,460
B	224	234	254	260	274	267	252	287	261	257	244	246	D2:350,460
C	1679	1572	1393	1471	1445	1618	1692	1359	1448	1466	1340	1379	D2:350,460
D	868	862	1235	1104	1340	873	941	1167	1213	1095	1187	1181	D2:350,460
E	365	392	322	359	350	359	389	355	377	392	405	409	D2:350,460
F	409	454	408	436	396	458	502	470	485	567	516	498	D2:350,460
G	973	1003	809	1078	1041	1009	1082	1198	1027	1019	884	1093	D2:350,460
H	346	249	245	248	277	236	249	293	237	241	272	238	D2:350,460

D2:350,480
	1	2	3	4	5	6	7	8	9	10	11	12
A	193	184	215	194	204	230	214	223	220	211	206	200	D2:350,480
B	244	206	227	228	227	255	246	243	230	230	245	206	D2:350,480
C	768	733	675	701	656	744	1001	683	703	708	646	702	D2:350,480
D	984	971	1392	1217	1490	951	1007	1288	1357	1232	1367	1376	D2:350,480
E	369	387	332	328	337	361	409	350	337	385	353	386	D2:350,480
F	389	434	403	437	364	477	530	466	465	539	522	473	D2:350,480
G	958	955	751	1010	1041	1008	1067	1218	1041	980	870	1119	D2:350,480
H	272	188	230	211	232	202	220	220	221	240	196	199	D2:350,480

D3:350,440
	1	2	3	4	5	6	7	8	9	10	11	12
A	418	428	462	483	452	449	456	450	458	448	435	412	D3:350,440
B	464	484	439	476	477	473	479	458	449	470	455	412	D3:350,440
C	1862	1800	2116	1832	2090	2459	2241	2045	1993	2257	1755	1771	D3:350,440
D	521	544	532	602	488	583	542	547	574	565	606	527	D3:350,440
E	500	507	507	611	514	499	798	1898	546	545	604	544	D3:350,440
F	485	585	521	548	497	511	594	582	517	508	565	575	D3:350,440
G	694	714	663	823	990	790	795	825	850	731	722	759	D3:350,440
H	438	447	484	454	457	448	480	470	457	467	436	451	D3:350,440

D3:350,460
	1	2	3	4	5	6	7	8	9	10	11	12
A	210	255	249	234	235	255	231	229	235	235	245	231	D3:350,460
B	235	253	225	252	253	247	264	238	253	240	254	243	D3:350,460
C	587	590	670	569	667	767	709	640	623	686	593	566	D3:350,460
D	309	296	313	358	285	331	312	306	330	365	352	353	D3:350,460
E	268	275	288	315	272	278	439	1005	304	295	316	298	D3:350,460
F	277	338	297	298	284	290	319	316	306	301	267	324	D3:350,460
G	366	419	377	468	569	465	439	477	496	417	430	433	D3:350,460
H	220	243	255	273	251	244	238	256	249	236	246	226	D3:350,460

D3:350,480
	1	2	3	4	5	6	7	8	9	10	11	12
A	190	211	211	231	216	216	190	198	216	209	216	185	D3:350,480
B	202	198	220	235	241	232	228	206	236	230	203	192	D3:350,480
C	368	365	356	370	365	408	395	371	374	381	309	363	D3:350,480
D	303	274	323	357	304	358	288	289	367	388	396	359	D3:350,480
E	228	241	229	299	257	221	364	832	258	275	311	273	D3:350,480
F	242	292	280	269	272	246	292	306	261	264	275	313	D3:350,480
G	363	375	337	424	518	453	435	452	458	349	393	385	D3:350,480
H	222	238	225	238	253	199	207	220	250	209	215	223	D3:350,480

D4:350,440
	1	2	3	4	5	6	7	8	9	10	11	12
A	426	468	490	1200	496	458	482	456	469	478	461	452	D4:350,440
B	477	452	501	497	504	476	1033	516	475	470	461	471	D4:350,440
C	1663	1512	1649	1565	1451	1680	1577	1903	1625	1962	1727	1432	D4:350,440
D	469	519	494	488	492	481	487	513	506	500	590	534	D4:350,440
E	501	498	481	497	495	496	568	496	567	528	524	540	D4:350,440
F	484	546	492	528	498	492	552	497	519	737	505	507	D4:350,440
G	571	582	674	718	598	654	669	676	690	701	595	757	D4:350,440
H	474	456	454	437	471	464	474	490	499	478	487	460	D4:350,440

D4:350,460
	1	2	3	4	5	6	7	8	9	10	11	12
A	232	263	219	273	245	254	215	232	257	248	261	230	D4:350,460
B	238	258	250	256	278	265	580	276	259	251	257	264	D4:350,460
C	559	494	556	531	476	546	536	613	506	594	581	478	D4:350,460
D	263	281	331	297	275	271	269	319	281	323	371	299	D4:350,460
E	272	250	264	260	250	265	284	268	288	294	278	292	D4:350,460
F	274	302	251	281	271	255	316	251	290	380	288	302	D4:350,460
G	330	337	377	403	326	378	362	373	378	378	321	425	D4:350,460
H	258	258	257	248	250	262	273	276	282	277	246	248	D4:350,460

D4:350,480
	1	2	3	4	5	6	7	8	9	10	11	12
A	197	227	212	231	223	228	203	222	225	194	205	218	D4:350,480
B	216	213	223	204	249	224	551	226	237	231	223	224	D4:350,480
C	346	310	358	338	309	350	336	356	334	363	334	324	D4:350,480
D	257	275	294	279	246	227	264	295	287	296	352	294	D4:350,480
E	233	233	248	219	231	248	260	257	260	258	252	266	D4:350,480
F	238	246	240	227	255	248	280	264	276	322	231	264	D4:350,480
G	288	285	347	351	294	344	350	338	333	357	298	423	D4:350,480
H	210	236	210	215	210	206	212	232	210	213	218	228	D4:350,480

D5:350,440
	1	2	3	4	5	6	7	8	9	10	11	12
A	448	466	468	468	454	461	467	443	444	510	444	457	D5:350,440
B	445	465	455	520	468	557	502	504	499	476	597	444	D5:350,440
C	1075	1210	1489	1422	1210	1031	1613	1207	1438	1279	1205	1175	D5:350,440
D	472	512	522	484	494	507	492	500	493	497	514	506	D5:350,440
E	471	482	510	505	472	480	490	528	540	510	487	495	D5:350,440
F	476	546	476	509	506	502	510	556	518	461	439	470	D5:350,440
G	528	550	559	614	561	565	581	550	541	534	475	565	D5:350,440
H	464	499	552	526	484	490	504	490	470	465	461	444	D5:350,440

D5:350,460
	1	2	3	4	5	6	7	8	9	10	11	12
A	239	236	216	240	263	276	250	233	265	237	231	235	D5:350,460
B	245	236	264	275	267	291	272	264	277	241	314	253	D5:350,460
C	385	431	493	497	440	369	520	415	485	453	436	422	D5:350,460
D	286	298	291	285	295	271	272	276	292	295	292	278	D5:350,460
E	218	289	270	241	232	269	262	277	276	252	261	257	D5:350,460
F	252	293	262	281	261	265	288	256	256	239	227	237	D5:350,460
G	293	300	309	318	293	299	295	307	283	276	261	292	D5:350,460
H	238	274	290	270	235	259	249	272	262	281	233	219	D5:350,460

D5:350,480
	1	2	3	4	5	6	7	8	9	10	11	12
A	220	207	220	248	202	219	221	217	225	229	230	238	D5:350,480
B	196	224	221	253	231	248	220	232	233	224	297	210	D5:350,480
C	275	280	323	320	306	257	327	291	320	294	295	302	D5:350,480
D	254	258	299	242	262	263	263	262	235	280	240	283	D5:350,480
E	225	225	236	239	202	223	220	217	256	251	208	213	D5:350,480
F	223	248	198	242	224	237	253	218	259	235	217	229	D5:350,480
G	251	267	262	308	250	272	263	271	285	282	232	266	D5:350,480
H	219	217	273	246	226	221	226	212	210	216	213	217	D5:350,480

D6:350,440
	1	2	3	4	5	6	7	8	9	10	11	12
A	483	508	513	537	513	497	528	510	539	517	491	494	D6:350,440
B	496	529	541	540	534	517	557	551	511	511	509	497	D6:350,440
C	1176	1313	1066	1469	1404	930	1236	1221	1223	1127	1141	1140	D6:350,440
D	534	553	545	555	564	508	513	541	555	501	521	547	D6:350,440
E	549	560	548	569	522	536	568	549	521	517	606	504	D6:350,440
F	533	621	541	547	520	527	571	547	534	500	472	546	D6:350,440
G	517	554	562	560	576	530	594	559	554	580	575	464	D6:350,440
H	486	533	539	560	534	501	529	565	511	529	557	481	D6:350,440

D6:350,460
	1	2	3	4	5	6	7	8	9	10	11	12
A	277	285	283	270	284	299	300	270	304	274	285	274	D6:350,460
B	233	297	291	297	313	269	286	297	295	278	307	280	D6:350,460
C	439	487	419	517	495	355	477	443	457	433	424	421	D6:350,460
D	286	274	300	298	308	274	250	312	333	277	320	331	D6:350,460
E	312	305	292	307	304	285	301	269	291	276	288	288	D6:350,460
F	298	352	268	287	314	271	289	319	292	270	257	256	D6:350,460
G	287	301	290	300	288	296	307	300	308	327	300	255	D6:350,460
H	271	286	277	270	297	302	279	268	295	304	305	257	D6:350,460

D6:350,480
	1	2	3	4	5	6	7	8	9	10	11	12
A	211	243	253	232	265	224	271	237	244	244	256	229	D6:350,480
B	206	233	229	265	269	242	226	264	256	246	259	228	D6:350,480
C	286	313	278	342	328	251	306	313	338	319	305	276	D6:350,480
D	261	272	281	270	291	231	229	294	287	291	264	296	D6:350,480
E	245	260	273	262	227	223	266	275	243	242	276	262	D6:350,480
F	226	272	242	272	245	255	256	235	253	239	221	246	D6:350,480
G	267	281	236	276	248	261	278	268	276	272	261	219	D6:350,480
H	217	244	256	254	258	241	280	260	257	248	238	239	D6:350,480

