Procedure Summary

Plate Type	Corning 3596 96 well flat bottom
Read	Read:  Trp fluorescence quenching (F) 280,340
Read	Read:  Excite 280 read inhibitor fluorescence (F) 280,440, 280,460, 280,480
Read	Read:  Excite 350 read inhibitor fluorescence (F) 350,440, 350,460, 350,480

Trp fluorescence quenching:280,340
	1	2	3	4	5	6	7	8	9	10	11	12
A	47539	44485	47545	44575	47258	44273	46370	45365	42936	43279	23818	45327	Trp fluorescence quenching:280,340
B	19989	21409	20417	18999	19895	18197	19717	20242	19050	20543	19700	19667	Trp fluorescence quenching:280,340
C	27171	30837	30578	30572	32415	31970	37816	42574	42921	43948	45655	44576	Trp fluorescence quenching:280,340
D	15809	19484	17826	18978	19252	19502	18599	18551	18908	18243	18893	19504	Trp fluorescence quenching:280,340
E	32059	34172	31940	36059	38669	40157	42799	44323	44483	44743	46070	46530	Trp fluorescence quenching:280,340
F	18088	19574	18055	17735	18196	18513	19171	18937	18375	19172	20230	19554	Trp fluorescence quenching:280,340
G	35743	39472	41720	43401	44579	44377	48651	45758	45093	46982	46422	47023	Trp fluorescence quenching:280,340
H	19051	17178	18671	17938	19574	19645	20157	19845	20632	19549	19365	20777	Trp fluorescence quenching:280,340

Excite 280 read inhibitor fluorescence:280,440
	1	2	3	4	5	6	7	8	9	10	11	12
A	6339	6197	6600	6202	6710	6291	6796	6265	6074	6222	3495	6336	Excite 280 read inhibitor fluorescence:280,440
B	3394	3501	3611	3504	3485	3444	3777	3721	3382	3541	3495	3466	Excite 280 read inhibitor fluorescence:280,440
C	47412	45683	43090	43144	43295	40755	27932	17877	13564	9949	8165	7395	Excite 280 read inhibitor fluorescence:280,440
D	8777	6106	4921	4241	3890	3746	3492	3412	3522	3264	3487	3371	Excite 280 read inhibitor fluorescence:280,440
E	43362	42503	37822	35665	27575	22225	16349	12192	9734	8081	7348	6999	Excite 280 read inhibitor fluorescence:280,440
F	4479	3961	3530	3415	4096	3464	3486	3583	3395	3415	3554	3525	Excite 280 read inhibitor fluorescence:280,440
G	46346	33277	23746	15947	11316	9572	8911	7624	7046	6802	6786	6729	Excite 280 read inhibitor fluorescence:280,440
H	6361	6468	10040	3934	3682	3611	3553	3540	3487	3543	3276	3591	Excite 280 read inhibitor fluorescence:280,440

Excite 280 read inhibitor fluorescence:280,460
	1	2	3	4	5	6	7	8	9	10	11	12
A	1922	1801	1974	1847	1956	1857	1941	1927	1741	1891	1143	1879	Excite 280 read inhibitor fluorescence:280,460
B	1268	1291	1225	1284	1280	1289	1409	1279	1236	1293	1264	1268	Excite 280 read inhibitor fluorescence:280,460
C	46719	45975	44073	44701	44788	42252	26934	15512	10120	6044	3984	3122	Excite 280 read inhibitor fluorescence:280,460
D	5143	3270	2229	1786	1530	1511	1319	1308	1298	1227	1192	1258	Excite 280 read inhibitor fluorescence:280,460
E	19414	18864	16538	15556	12013	9404	6528	4599	3537	2722	2219	2198	Excite 280 read inhibitor fluorescence:280,460
F	1752	1519	1359	1275	1551	1263	1339	1287	1281	1237	1307	1288	Excite 280 read inhibitor fluorescence:280,460
G	25639	18174	12189	7454	4849	3833	3360	2626	2298	2183	1969	1964	Excite 280 read inhibitor fluorescence:280,460
H	2487	2307	3067	1372	1350	1243	1278	1301	1236	1233	1214	1285	Excite 280 read inhibitor fluorescence:280,460

Excite 280 read inhibitor fluorescence:280,480
	1	2	3	4	5	6	7	8	9	10	11	12
A	1039	1012	1042	1045	1049	1017	1076	1029	983	1005	669	1053	Excite 280 read inhibitor fluorescence:280,480
B	755	789	741	721	763	743	810	810	737	760	753	751	Excite 280 read inhibitor fluorescence:280,480
C	47080	46596	45241	46233	45650	43023	27593	15068	9589	5415	3189	2370	Excite 280 read inhibitor fluorescence:280,480
D	3942	2391	1605	1255	996	1029	804	848	810	735	756	741	Excite 280 read inhibitor fluorescence:280,480
E	12262	11650	10552	9830	7399	5702	3998	2732	1968	1526	1269	1157	Excite 280 read inhibitor fluorescence:280,480
F	1145	1011	842	800	919	743	801	764	802	724	767	779	Excite 280 read inhibitor fluorescence:280,480
G	19196	13297	8845	5276	3198	2527	2048	1575	1311	1219	1138	1109	Excite 280 read inhibitor fluorescence:280,480
H	1725	1348	1728	932	793	809	785	778	745	779	765	738	Excite 280 read inhibitor fluorescence:280,480

Excite 350 read inhibitor fluorescence:350,440
	1	2	3	4	5	6	7	8	9	10	11	12
A	8790	8397	8831	8531	9121	8736	8902	8682	8242	8514	6772	8692	Excite 350 read inhibitor fluorescence:350,440
B	8214	8410	8114	8240	8552	8227	9745	8412	8100	8220	8122	7837	Excite 350 read inhibitor fluorescence:350,440
C	30144	27419	25691	25520	25005	24245	18102	13977	11757	10020	9424	9015	Excite 350 read inhibitor fluorescence:350,440
D	12810	10634	9329	8899	8597	8629	7750	7778	8029	7947	8005	8136	Excite 350 read inhibitor fluorescence:350,440
E	24217	23976	21529	20239	16493	14779	12614	10936	10084	9192	8907	8698	Excite 350 read inhibitor fluorescence:350,440
F	9870	9258	8509	7923	12036	8077	8275	8120	8538	8269	8533	8056	Excite 350 read inhibitor fluorescence:350,440
G	48312	35619	24024	17116	12575	10958	11158	9956	9487	9326	8775	9044	Excite 350 read inhibitor fluorescence:350,440
H	18640	19007	30447	10247	8893	8550	8623	8541	8302	7938	7906	8460	Excite 350 read inhibitor fluorescence:350,440

Excite 350 read inhibitor fluorescence:350,460
	1	2	3	4	5	6	7	8	9	10	11	12
A	6664	6570	6861	6613	7277	6735	6621	6665	6456	6783	4899	6656	Excite 350 read inhibitor fluorescence:350,460
B	6110	6355	6129	5834	6303	6269	7677	6793	6301	6336	5968	6167	Excite 350 read inhibitor fluorescence:350,460
C	49762	45650	43843	43008	42297	41213	27861	18446	14152	10090	8358	7627	Excite 350 read inhibitor fluorescence:350,460
D	12289	9567	7719	7174	6735	6816	6218	6234	6170	6234	6118	6216	Excite 350 read inhibitor fluorescence:350,460
E	21579	21135	18638	17507	14398	12287	10587	8898	8156	6878	7133	6924	Excite 350 read inhibitor fluorescence:350,460
F	7617	7204	6524	6179	9002	5996	6316	6358	6814	6151	6591	6053	Excite 350 read inhibitor fluorescence:350,460
G	49413	35869	23868	16426	11647	9636	9323	8013	7017	7214	6776	7104	Excite 350 read inhibitor fluorescence:350,460
H	16041	13695	21588	8126	7328	6634	6672	6632	6116	6318	6059	6177	Excite 350 read inhibitor fluorescence:350,460

Excite 350 read inhibitor fluorescence:350,480
	1	2	3	4	5	6	7	8	9	10	11	12
A	4421	4633	4841	4629	4726	4748	4684	4611	4323	4367	3125	4817	Excite 350 read inhibitor fluorescence:350,480
B	3939	4240	4056	4407	4227	4021	4824	4204	4238	4253	3983	4220	Excite 350 read inhibitor fluorescence:350,480
C	53642	50189	47828	48076	47801	45059	29010	18112	12889	8615	6473	5751	Excite 350 read inhibitor fluorescence:350,480
D	10450	7375	5551	4956	4689	4551	4142	4199	4240	4181	4321	4043	Excite 350 read inhibitor fluorescence:350,480
E	15580	15273	12929	12320	10458	8613	7037	6353	5510	4760	4728	4651	Excite 350 read inhibitor fluorescence:350,480
F	5646	5145	4400	4271	5865	4158	4133	4069	4475	4371	4404	4057	Excite 350 read inhibitor fluorescence:350,480
G	41302	29315	19464	12543	8519	7127	6604	5263	5075	4958	4717	4521	Excite 350 read inhibitor fluorescence:350,480
H	11569	9738	11705	5522	4619	4350	4328	4286	4138	4273	4067	4377	Excite 350 read inhibitor fluorescence:350,480

Data Audit Trail

Date	User	Event	Comment
5/9/2012 4:53:45 PM	User	Protocol "C:\Program Files (x86)\BioTek\Gen5 1.10\Protocols\John Chodera\Quinazoline inhibitor fluorescence reads quick.prt" (5/9/2012 4:44:20 PM) selected	
5/9/2012 4:54:55 PM	User	Plate read started	
5/9/2012 5:03:09 PM	User	Plate read successfully completed	

Calculation Warnings

Error/Warning messages
No event recorded

Field Group

			
			
			

Procedure Summary

Plate Type	Corning 3596 96 well flat bottom
Read	Read:  Trp fluorescence quenching (F) 280,340
Read	Read:  Excite 280 read inhibitor fluorescence (F) 280,440, 280,460, 280,480
Read	Read:  Excite 350 read inhibitor fluorescence (F) 350,440, 350,460, 350,480

Trp fluorescence quenching:280,340
	1	2	3	4	5	6	7	8	9	10	11	12
A	47539	44485	47545	44575	47258	44273	46370	45365	42936	43279	23818	45327	Trp fluorescence quenching:280,340
B	19989	21409	20417	18999	19895	18197	19717	20242	19050	20543	19700	19667	Trp fluorescence quenching:280,340
C	27171	30837	30578	30572	32415	31970	37816	42574	42921	43948	45655	44576	Trp fluorescence quenching:280,340
D	15809	19484	17826	18978	19252	19502	18599	18551	18908	18243	18893	19504	Trp fluorescence quenching:280,340
E	32059	34172	31940	36059	38669	40157	42799	44323	44483	44743	46070	46530	Trp fluorescence quenching:280,340
F	18088	19574	18055	17735	18196	18513	19171	18937	18375	19172	20230	19554	Trp fluorescence quenching:280,340
G	35743	39472	41720	43401	44579	44377	48651	45758	45093	46982	46422	47023	Trp fluorescence quenching:280,340
H	19051	17178	18671	17938	19574	19645	20157	19845	20632	19549	19365	20777	Trp fluorescence quenching:280,340

Excite 280 read inhibitor fluorescence:280,440
	1	2	3	4	5	6	7	8	9	10	11	12
A	6339	6197	6600	6202	6710	6291	6796	6265	6074	6222	3495	6336	Excite 280 read inhibitor fluorescence:280,440
B	3394	3501	3611	3504	3485	3444	3777	3721	3382	3541	3495	3466	Excite 280 read inhibitor fluorescence:280,440
C	47412	45683	43090	43144	43295	40755	27932	17877	13564	9949	8165	7395	Excite 280 read inhibitor fluorescence:280,440
D	8777	6106	4921	4241	3890	3746	3492	3412	3522	3264	3487	3371	Excite 280 read inhibitor fluorescence:280,440
E	43362	42503	37822	35665	27575	22225	16349	12192	9734	8081	7348	6999	Excite 280 read inhibitor fluorescence:280,440
F	4479	3961	3530	3415	4096	3464	3486	3583	3395	3415	3554	3525	Excite 280 read inhibitor fluorescence:280,440
G	46346	33277	23746	15947	11316	9572	8911	7624	7046	6802	6786	6729	Excite 280 read inhibitor fluorescence:280,440
H	6361	6468	10040	3934	3682	3611	3553	3540	3487	3543	3276	3591	Excite 280 read inhibitor fluorescence:280,440

Excite 280 read inhibitor fluorescence:280,460
	1	2	3	4	5	6	7	8	9	10	11	12
A	1922	1801	1974	1847	1956	1857	1941	1927	1741	1891	1143	1879	Excite 280 read inhibitor fluorescence:280,460
B	1268	1291	1225	1284	1280	1289	1409	1279	1236	1293	1264	1268	Excite 280 read inhibitor fluorescence:280,460
C	46719	45975	44073	44701	44788	42252	26934	15512	10120	6044	3984	3122	Excite 280 read inhibitor fluorescence:280,460
D	5143	3270	2229	1786	1530	1511	1319	1308	1298	1227	1192	1258	Excite 280 read inhibitor fluorescence:280,460
E	19414	18864	16538	15556	12013	9404	6528	4599	3537	2722	2219	2198	Excite 280 read inhibitor fluorescence:280,460
F	1752	1519	1359	1275	1551	1263	1339	1287	1281	1237	1307	1288	Excite 280 read inhibitor fluorescence:280,460
G	25639	18174	12189	7454	4849	3833	3360	2626	2298	2183	1969	1964	Excite 280 read inhibitor fluorescence:280,460
H	2487	2307	3067	1372	1350	1243	1278	1301	1236	1233	1214	1285	Excite 280 read inhibitor fluorescence:280,460

Excite 280 read inhibitor fluorescence:280,480
	1	2	3	4	5	6	7	8	9	10	11	12
A	1039	1012	1042	1045	1049	1017	1076	1029	983	1005	669	1053	Excite 280 read inhibitor fluorescence:280,480
B	755	789	741	721	763	743	810	810	737	760	753	751	Excite 280 read inhibitor fluorescence:280,480
C	47080	46596	45241	46233	45650	43023	27593	15068	9589	5415	3189	2370	Excite 280 read inhibitor fluorescence:280,480
D	3942	2391	1605	1255	996	1029	804	848	810	735	756	741	Excite 280 read inhibitor fluorescence:280,480
E	12262	11650	10552	9830	7399	5702	3998	2732	1968	1526	1269	1157	Excite 280 read inhibitor fluorescence:280,480
F	1145	1011	842	800	919	743	801	764	802	724	767	779	Excite 280 read inhibitor fluorescence:280,480
G	19196	13297	8845	5276	3198	2527	2048	1575	1311	1219	1138	1109	Excite 280 read inhibitor fluorescence:280,480
H	1725	1348	1728	932	793	809	785	778	745	779	765	738	Excite 280 read inhibitor fluorescence:280,480

Excite 350 read inhibitor fluorescence:350,440
	1	2	3	4	5	6	7	8	9	10	11	12
A	8790	8397	8831	8531	9121	8736	8902	8682	8242	8514	6772	8692	Excite 350 read inhibitor fluorescence:350,440
B	8214	8410	8114	8240	8552	8227	9745	8412	8100	8220	8122	7837	Excite 350 read inhibitor fluorescence:350,440
C	30144	27419	25691	25520	25005	24245	18102	13977	11757	10020	9424	9015	Excite 350 read inhibitor fluorescence:350,440
D	12810	10634	9329	8899	8597	8629	7750	7778	8029	7947	8005	8136	Excite 350 read inhibitor fluorescence:350,440
E	24217	23976	21529	20239	16493	14779	12614	10936	10084	9192	8907	8698	Excite 350 read inhibitor fluorescence:350,440
F	9870	9258	8509	7923	12036	8077	8275	8120	8538	8269	8533	8056	Excite 350 read inhibitor fluorescence:350,440
G	48312	35619	24024	17116	12575	10958	11158	9956	9487	9326	8775	9044	Excite 350 read inhibitor fluorescence:350,440
H	18640	19007	30447	10247	8893	8550	8623	8541	8302	7938	7906	8460	Excite 350 read inhibitor fluorescence:350,440

Excite 350 read inhibitor fluorescence:350,460
	1	2	3	4	5	6	7	8	9	10	11	12
A	6664	6570	6861	6613	7277	6735	6621	6665	6456	6783	4899	6656	Excite 350 read inhibitor fluorescence:350,460
B	6110	6355	6129	5834	6303	6269	7677	6793	6301	6336	5968	6167	Excite 350 read inhibitor fluorescence:350,460
C	49762	45650	43843	43008	42297	41213	27861	18446	14152	10090	8358	7627	Excite 350 read inhibitor fluorescence:350,460
D	12289	9567	7719	7174	6735	6816	6218	6234	6170	6234	6118	6216	Excite 350 read inhibitor fluorescence:350,460
E	21579	21135	18638	17507	14398	12287	10587	8898	8156	6878	7133	6924	Excite 350 read inhibitor fluorescence:350,460
F	7617	7204	6524	6179	9002	5996	6316	6358	6814	6151	6591	6053	Excite 350 read inhibitor fluorescence:350,460
G	49413	35869	23868	16426	11647	9636	9323	8013	7017	7214	6776	7104	Excite 350 read inhibitor fluorescence:350,460
H	16041	13695	21588	8126	7328	6634	6672	6632	6116	6318	6059	6177	Excite 350 read inhibitor fluorescence:350,460

Excite 350 read inhibitor fluorescence:350,480
	1	2	3	4	5	6	7	8	9	10	11	12
A	4421	4633	4841	4629	4726	4748	4684	4611	4323	4367	3125	4817	Excite 350 read inhibitor fluorescence:350,480
B	3939	4240	4056	4407	4227	4021	4824	4204	4238	4253	3983	4220	Excite 350 read inhibitor fluorescence:350,480
C	53642	50189	47828	48076	47801	45059	29010	18112	12889	8615	6473	5751	Excite 350 read inhibitor fluorescence:350,480
D	10450	7375	5551	4956	4689	4551	4142	4199	4240	4181	4321	4043	Excite 350 read inhibitor fluorescence:350,480
E	15580	15273	12929	12320	10458	8613	7037	6353	5510	4760	4728	4651	Excite 350 read inhibitor fluorescence:350,480
F	5646	5145	4400	4271	5865	4158	4133	4069	4475	4371	4404	4057	Excite 350 read inhibitor fluorescence:350,480
G	41302	29315	19464	12543	8519	7127	6604	5263	5075	4958	4717	4521	Excite 350 read inhibitor fluorescence:350,480
H	11569	9738	11705	5522	4619	4350	4328	4286	4138	4273	4067	4377	Excite 350 read inhibitor fluorescence:350,480

Data Audit Trail

Date	User	Event	Comment
5/9/2012 4:53:45 PM	User	Protocol "C:\Program Files (x86)\BioTek\Gen5 1.10\Protocols\John Chodera\Quinazoline inhibitor fluorescence reads quick.prt" (5/9/2012 4:44:20 PM) selected	
5/9/2012 4:54:55 PM	User	Plate read started	
5/9/2012 5:03:09 PM	User	Plate read successfully completed	

Calculation Warnings

Error/Warning messages
No event recorded

Field Group

			
			
			

