Procedure Summary

Plate Type	Corning 3596 96 well flat bottom
Shake	Shake: Medium for 0:10
Read	Read:  280 nm excitation (F) 280,340, 280,440, 280,460, 280,480
Read	Read:  296 nm excitation (F) 296,378
Read	Read:  350 nm excitation (F) 350,440, 350,460, 350,480

Layout
	1	2	3	4	5	6	7	8	9	10	11	12
A													Well ID
													Name
B													Well ID
													Name
C													Well ID
													Name
D													Well ID
													Name
E													Well ID
													Name
F													Well ID
													Name
G													Well ID
													Name
H													Well ID
													Name

Data Reduction Summary

	

Layout
	1	2	3	4	5	6	7	8	9	10	11	12
A													Well ID
													Name
B													Well ID
													Name
C													Well ID
													Name
D													Well ID
													Name
E													Well ID
													Name
F													Well ID
													Name
G													Well ID
													Name
H													Well ID
													Name

280 nm excitation:280,340
	1	2	3	4	5	6	7	8	9	10	11	12
A	43056	43227	43913	44968	44006	45493	45083	44093	45531	42997	43710	42623	280 nm excitation:280,340
B	43142	44528	45687	42140	44376	45547	46256	44424	42045	43545	42772	43752	280 nm excitation:280,340
C	44159	44685	43850	42223	43550	41623	44464	43189	42535	41348	41164	42136	280 nm excitation:280,340
D	44733	44821	42220	44080	42244	41653	42550	42638	42155	41831	42832	42054	280 nm excitation:280,340
E	45537	44774	41771	43655	42704	41595	42218	43501	41508	42398	42880	43836	280 nm excitation:280,340
F	43346	44759	41624	41555	42318	40656	44684	42190	42991	40865	43981	42434	280 nm excitation:280,340
G	42317	42979	42572	44221	43364	44534	45390	41577	42632	43887	42968	44018	280 nm excitation:280,340
H	43166	40874	42778	43072	40941	44647	45956	44585	46361	42910	41951	44375	280 nm excitation:280,340

280 nm excitation:280,440
	1	2	3	4	5	6	7	8	9	10	11	12
A	12912	12958	14004	13307	14283	13489	14634	15477	14340	14504	14540	15139	280 nm excitation:280,440
B	12278	12908	14117	14732	13312	15105	14326	50552	14730	14586	14818	15422	280 nm excitation:280,440
C	12369	12920	12721	13552	13790	17166	15362	31492	16681	15606	15387	13381	280 nm excitation:280,440
D	12517	12896	12386	13765	13232	13571	14407	16065	15711	15868	13500	13765	280 nm excitation:280,440
E	12364	12407	12913	16216	13893	13049	14586	16741	13607	OVRFLW	14360	13689	280 nm excitation:280,440
F	12469	14044	13133	13869	13451	13413	13659	14329	16660	15668	17823	14386	280 nm excitation:280,440
G	12462	13710	13756	14016	13802	14162	15734	14721	15337	13984	15897	14226	280 nm excitation:280,440
H	12648	12383	13985	13725	13386	14532	15154	14617	17730	14482	14783	13723	280 nm excitation:280,440

280 nm excitation:280,460
	1	2	3	4	5	6	7	8	9	10	11	12
A	10767	11122	11970	11165	12222	13477	13134	14159	12432	12285	12316	12609	280 nm excitation:280,460
B	11073	11534	12298	12977	12281	13481	12182	35746	13449	12624	12417	13591	280 nm excitation:280,460
C	10711	11366	11126	11916	12099	14527	13018	25597	14618	13006	12342	11627	280 nm excitation:280,460
D	10873	11527	11623	13374	11436	11854	12412	14169	13844	14363	16947	12116	280 nm excitation:280,460
E	10783	11351	10906	17275	11936	11569	13112	12461	12470	30750	12749	13185	280 nm excitation:280,460
F	11456	12041	12272	12604	12265	11869	12582	12146	14718	12866	14952	11903	280 nm excitation:280,460
G	11439	12060	12012	12937	12461	12007	13934	12789	13231	11992	14773	12993	280 nm excitation:280,460
H	11849	11121	12043	11896	11958	13996	13330	12641	15866	11883	12486	12897	280 nm excitation:280,460

280 nm excitation:280,480
	1	2	3	4	5	6	7	8	9	10	11	12
A	12920	13412	13902	14123	14027	14578	15555	14917	14774	14174	15509	14795	280 nm excitation:280,480
B	13696	13472	14035	14058	14372	14789	14625	47978	14361	14517	15019	14627	280 nm excitation:280,480
C	12655	13199	13029	14122	14031	15825	14307	25798	15686	15479	14666	15532	280 nm excitation:280,480
D	12517	12923	12420	14624	12398	13000	14079	16326	15618	14969	12776	13478	280 nm excitation:280,480
E	12330	12546	12826	20370	13860	13545	14830	13635	14298	31334	14729	13991	280 nm excitation:280,480
F	12480	14140	14011	14029	13651	13764	14085	13642	15808	17980	16247	13494	280 nm excitation:280,480
G	12652	13643	13385	14649	13875	14670	15727	14899	15066	14607	18725	13488	280 nm excitation:280,480
H	13561	13290	12851	14185	15223	17277	15928	13491	18732	14301	13811	13220	280 nm excitation:280,480

296 nm excitation:296,378
	1	2	3	4	5	6	7	8	9	10	11	12
A	19996	20990	23353	21251	22216	23103	25293	31023	24144	22730	22379	24272	296 nm excitation:296,378
B	18671	21668	25118	22891	22468	26554	25184	25924	24852	24824	26197	25885	296 nm excitation:296,378
C	19129	19886	20553	22381	21988	30306	26737	24578	31285	24873	27475	35100	296 nm excitation:296,378
D	19659	19941	18332	22432	21149	20777	24828	28045	27355	27331	25718	22872	296 nm excitation:296,378
E	20163	19686	18669	32623	22377	20784	24958	22473	21878	22332	22015	23369	296 nm excitation:296,378
F	18904	22398	20780	21770	21723	22693	25186	22734	30154	25879	33516	24125	296 nm excitation:296,378
G	18686	21727	22110	23771	21505	22964	32053	25895	25749	24448	24308	23838	296 nm excitation:296,378
H	20551	19064	20883	21085	22224	23923	29425	23782	26474	22882	22534	23951	296 nm excitation:296,378

350 nm excitation:350,440
	1	2	3	4	5	6	7	8	9	10	11	12
A	5100	5144	5212	5367	5368	5634	5347	5422	5617	5216	6390	5375	350 nm excitation:350,440
B	5828	5218	5340	5622	5401	5410	5788	46472	5266	5277	5242	5382	350 nm excitation:350,440
C	5285	5346	5282	5194	5363	5207	5364	15578	5559	5743	5459	6013	350 nm excitation:350,440
D	5325	5382	4961	5411	5225	5207	5205	5487	5477	5409	5187	5435	350 nm excitation:350,440
E	5228	5371	5323	5672	5350	4851	5147	5449	6153	29652	6461	5009	350 nm excitation:350,440
F	5220	5773	5082	5199	5136	5286	5537	5306	5532	5182	5779	5272	350 nm excitation:350,440
G	4955	5436	5269	5560	5150	5483	5434	5199	5381	5434	11377	5259	350 nm excitation:350,440
H	7122	5185	5224	5189	23324	11235	6551	5456	8717	5375	4964	5246	350 nm excitation:350,440

350 nm excitation:350,460
	1	2	3	4	5	6	7	8	9	10	11	12
A	5673	5557	5658	5978	6075	6127	5873	6105	6038	5937	7148	5849	350 nm excitation:350,460
B	6342	5698	5974	13223	6365	6131	6602	49626	5847	5731	5898	6147	350 nm excitation:350,460
C	5351	5774	5831	5852	5620	5903	6108	15142	6216	6041	6155	6851	350 nm excitation:350,460
D	6047	5820	5593	5922	5990	5516	5746	6218	6275	5705	6007	5919	350 nm excitation:350,460
E	5959	5694	5920	6396	5837	5615	5757	6042	5733	34558	7204	5950	350 nm excitation:350,460
F	5592	6655	5593	5597	5374	5509	5971	5826	6192	6126	6122	6079	350 nm excitation:350,460
G	6065	5637	5757	6026	5810	5929	6558	6026	6192	5777	12024	5983	350 nm excitation:350,460
H	7184	5676	5660	6038	5796	11166	7139	5798	10294	5829	6053	5965	350 nm excitation:350,460

350 nm excitation:350,480
	1	2	3	4	5	6	7	8	9	10	11	12
A	6451	6081	6688	6559	6138	6506	6417	6768	6314	6371	7012	6162	350 nm excitation:350,480
B	6950	6495	6458	15704	6431	6533	6381	49111	6120	6172	6644	6625	350 nm excitation:350,480
C	6098	6049	6127	6401	6449	6520	6175	14944	6574	6186	6458	6918	350 nm excitation:350,480
D	6014	6530	5898	6259	6018	6371	6020	6277	6338	6506	6041	6266	350 nm excitation:350,480
E	6601	6143	6532	6693	5862	6232	6229	6416	7064	32696	7608	6240	350 nm excitation:350,480
F	5903	6928	6188	6447	6096	5950	6354	6485	6501	5920	6317	6283	350 nm excitation:350,480
G	6200	6317	6255	6802	6598	6631	6597	6584	6630	6107	11996	6461	350 nm excitation:350,480
H	7875	5878	5945	6079	6402	12564	7677	6068	11662	6118	6394	6360	350 nm excitation:350,480

Procedure Summary

Plate Type	Corning 3596 96 well flat bottom
Shake	Shake: Medium for 0:10
Read	Read:  280 nm excitation (F) 280,340, 280,440, 280,460, 280,480
Read	Read:  296 nm excitation (F) 296,378
Read	Read:  350 nm excitation (F) 350,440, 350,460, 350,480

Layout
	1	2	3	4	5	6	7	8	9	10	11	12
A													Well ID
													Name
B													Well ID
													Name
C													Well ID
													Name
D													Well ID
													Name
E													Well ID
													Name
F													Well ID
													Name
G													Well ID
													Name
H													Well ID
													Name

Data Reduction Summary

	

Layout
	1	2	3	4	5	6	7	8	9	10	11	12
A													Well ID
													Name
B													Well ID
													Name
C													Well ID
													Name
D													Well ID
													Name
E													Well ID
													Name
F													Well ID
													Name
G													Well ID
													Name
H													Well ID
													Name

280 nm excitation:280,340
	1	2	3	4	5	6	7	8	9	10	11	12
A	43056	43227	43913	44968	44006	45493	45083	44093	45531	42997	43710	42623	280 nm excitation:280,340
B	43142	44528	45687	42140	44376	45547	46256	44424	42045	43545	42772	43752	280 nm excitation:280,340
C	44159	44685	43850	42223	43550	41623	44464	43189	42535	41348	41164	42136	280 nm excitation:280,340
D	44733	44821	42220	44080	42244	41653	42550	42638	42155	41831	42832	42054	280 nm excitation:280,340
E	45537	44774	41771	43655	42704	41595	42218	43501	41508	42398	42880	43836	280 nm excitation:280,340
F	43346	44759	41624	41555	42318	40656	44684	42190	42991	40865	43981	42434	280 nm excitation:280,340
G	42317	42979	42572	44221	43364	44534	45390	41577	42632	43887	42968	44018	280 nm excitation:280,340
H	43166	40874	42778	43072	40941	44647	45956	44585	46361	42910	41951	44375	280 nm excitation:280,340

280 nm excitation:280,440
	1	2	3	4	5	6	7	8	9	10	11	12
A	12912	12958	14004	13307	14283	13489	14634	15477	14340	14504	14540	15139	280 nm excitation:280,440
B	12278	12908	14117	14732	13312	15105	14326	50552	14730	14586	14818	15422	280 nm excitation:280,440
C	12369	12920	12721	13552	13790	17166	15362	31492	16681	15606	15387	13381	280 nm excitation:280,440
D	12517	12896	12386	13765	13232	13571	14407	16065	15711	15868	13500	13765	280 nm excitation:280,440
E	12364	12407	12913	16216	13893	13049	14586	16741	13607	OVRFLW	14360	13689	280 nm excitation:280,440
F	12469	14044	13133	13869	13451	13413	13659	14329	16660	15668	17823	14386	280 nm excitation:280,440
G	12462	13710	13756	14016	13802	14162	15734	14721	15337	13984	15897	14226	280 nm excitation:280,440
H	12648	12383	13985	13725	13386	14532	15154	14617	17730	14482	14783	13723	280 nm excitation:280,440

280 nm excitation:280,460
	1	2	3	4	5	6	7	8	9	10	11	12
A	10767	11122	11970	11165	12222	13477	13134	14159	12432	12285	12316	12609	280 nm excitation:280,460
B	11073	11534	12298	12977	12281	13481	12182	35746	13449	12624	12417	13591	280 nm excitation:280,460
C	10711	11366	11126	11916	12099	14527	13018	25597	14618	13006	12342	11627	280 nm excitation:280,460
D	10873	11527	11623	13374	11436	11854	12412	14169	13844	14363	16947	12116	280 nm excitation:280,460
E	10783	11351	10906	17275	11936	11569	13112	12461	12470	30750	12749	13185	280 nm excitation:280,460
F	11456	12041	12272	12604	12265	11869	12582	12146	14718	12866	14952	11903	280 nm excitation:280,460
G	11439	12060	12012	12937	12461	12007	13934	12789	13231	11992	14773	12993	280 nm excitation:280,460
H	11849	11121	12043	11896	11958	13996	13330	12641	15866	11883	12486	12897	280 nm excitation:280,460

280 nm excitation:280,480
	1	2	3	4	5	6	7	8	9	10	11	12
A	12920	13412	13902	14123	14027	14578	15555	14917	14774	14174	15509	14795	280 nm excitation:280,480
B	13696	13472	14035	14058	14372	14789	14625	47978	14361	14517	15019	14627	280 nm excitation:280,480
C	12655	13199	13029	14122	14031	15825	14307	25798	15686	15479	14666	15532	280 nm excitation:280,480
D	12517	12923	12420	14624	12398	13000	14079	16326	15618	14969	12776	13478	280 nm excitation:280,480
E	12330	12546	12826	20370	13860	13545	14830	13635	14298	31334	14729	13991	280 nm excitation:280,480
F	12480	14140	14011	14029	13651	13764	14085	13642	15808	17980	16247	13494	280 nm excitation:280,480
G	12652	13643	13385	14649	13875	14670	15727	14899	15066	14607	18725	13488	280 nm excitation:280,480
H	13561	13290	12851	14185	15223	17277	15928	13491	18732	14301	13811	13220	280 nm excitation:280,480

296 nm excitation:296,378
	1	2	3	4	5	6	7	8	9	10	11	12
A	19996	20990	23353	21251	22216	23103	25293	31023	24144	22730	22379	24272	296 nm excitation:296,378
B	18671	21668	25118	22891	22468	26554	25184	25924	24852	24824	26197	25885	296 nm excitation:296,378
C	19129	19886	20553	22381	21988	30306	26737	24578	31285	24873	27475	35100	296 nm excitation:296,378
D	19659	19941	18332	22432	21149	20777	24828	28045	27355	27331	25718	22872	296 nm excitation:296,378
E	20163	19686	18669	32623	22377	20784	24958	22473	21878	22332	22015	23369	296 nm excitation:296,378
F	18904	22398	20780	21770	21723	22693	25186	22734	30154	25879	33516	24125	296 nm excitation:296,378
G	18686	21727	22110	23771	21505	22964	32053	25895	25749	24448	24308	23838	296 nm excitation:296,378
H	20551	19064	20883	21085	22224	23923	29425	23782	26474	22882	22534	23951	296 nm excitation:296,378

350 nm excitation:350,440
	1	2	3	4	5	6	7	8	9	10	11	12
A	5100	5144	5212	5367	5368	5634	5347	5422	5617	5216	6390	5375	350 nm excitation:350,440
B	5828	5218	5340	5622	5401	5410	5788	46472	5266	5277	5242	5382	350 nm excitation:350,440
C	5285	5346	5282	5194	5363	5207	5364	15578	5559	5743	5459	6013	350 nm excitation:350,440
D	5325	5382	4961	5411	5225	5207	5205	5487	5477	5409	5187	5435	350 nm excitation:350,440
E	5228	5371	5323	5672	5350	4851	5147	5449	6153	29652	6461	5009	350 nm excitation:350,440
F	5220	5773	5082	5199	5136	5286	5537	5306	5532	5182	5779	5272	350 nm excitation:350,440
G	4955	5436	5269	5560	5150	5483	5434	5199	5381	5434	11377	5259	350 nm excitation:350,440
H	7122	5185	5224	5189	23324	11235	6551	5456	8717	5375	4964	5246	350 nm excitation:350,440

350 nm excitation:350,460
	1	2	3	4	5	6	7	8	9	10	11	12
A	5673	5557	5658	5978	6075	6127	5873	6105	6038	5937	7148	5849	350 nm excitation:350,460
B	6342	5698	5974	13223	6365	6131	6602	49626	5847	5731	5898	6147	350 nm excitation:350,460
C	5351	5774	5831	5852	5620	5903	6108	15142	6216	6041	6155	6851	350 nm excitation:350,460
D	6047	5820	5593	5922	5990	5516	5746	6218	6275	5705	6007	5919	350 nm excitation:350,460
E	5959	5694	5920	6396	5837	5615	5757	6042	5733	34558	7204	5950	350 nm excitation:350,460
F	5592	6655	5593	5597	5374	5509	5971	5826	6192	6126	6122	6079	350 nm excitation:350,460
G	6065	5637	5757	6026	5810	5929	6558	6026	6192	5777	12024	5983	350 nm excitation:350,460
H	7184	5676	5660	6038	5796	11166	7139	5798	10294	5829	6053	5965	350 nm excitation:350,460

350 nm excitation:350,480
	1	2	3	4	5	6	7	8	9	10	11	12
A	6451	6081	6688	6559	6138	6506	6417	6768	6314	6371	7012	6162	350 nm excitation:350,480
B	6950	6495	6458	15704	6431	6533	6381	49111	6120	6172	6644	6625	350 nm excitation:350,480
C	6098	6049	6127	6401	6449	6520	6175	14944	6574	6186	6458	6918	350 nm excitation:350,480
D	6014	6530	5898	6259	6018	6371	6020	6277	6338	6506	6041	6266	350 nm excitation:350,480
E	6601	6143	6532	6693	5862	6232	6229	6416	7064	32696	7608	6240	350 nm excitation:350,480
F	5903	6928	6188	6447	6096	5950	6354	6485	6501	5920	6317	6283	350 nm excitation:350,480
G	6200	6317	6255	6802	6598	6631	6597	6584	6630	6107	11996	6461	350 nm excitation:350,480
H	7875	5878	5945	6079	6402	12564	7677	6068	11662	6118	6394	6360	350 nm excitation:350,480

