Procedure Summary

Plate Type	Costar 96 well half area
Read	Read:  absorbance (A) 280, 350, 440, 460, 480
Read	Read:  Trp fluorescence (F) 280,340, 280,340[2]
Read	Read:  excite 280 top (F) 280,440, 280,460, 280,480
Read	Read:  excite 280 bottom (F) 280,440, 280,460, 280,480
Read	Read:  excite 350 top (F) 350,440, 350,460, 350,480
Read	Read:  excite 350 bottom (F) 350,440, 350,460, 350,480

Layout
	1	2	3	4	5	6	7	8	9	10	11	12
A													Well ID
													Name
B													Well ID
													Name
C													Well ID
													Name
D													Well ID
													Name
E													Well ID
													Name
F													Well ID
													Name
G													Well ID
													Name
H													Well ID
													Name

Data Reduction Summary

	

Layout
	1	2	3	4	5	6	7	8	9	10	11	12
A													Well ID
													Name
B													Well ID
													Name
C													Well ID
													Name
D													Well ID
													Name
E													Well ID
													Name
F													Well ID
													Name
G													Well ID
													Name
H													Well ID
													Name

absorbance:280
	1	2	3	4	5	6	7	8	9	10	11	12
A	0.129	0.142	0.130	0.138	0.140	0.142	0.136	0.138	0.135	0.140	0.137	0.136	absorbance:280
B	0.137	0.138	0.139	0.138	0.138	0.138	0.136	0.139	0.137	0.138	0.138	0.146	absorbance:280
C	0.134	0.137	0.137	0.140	0.135	0.141	0.138	0.132	0.144	0.138	0.140	0.137	absorbance:280
D	0.136	0.144	0.135	0.143	0.154	0.125	0.138	0.139	0.136	0.140	0.139	0.138	absorbance:280
E	0.227	0.164	0.160	0.156	0.147	0.145	0.140	0.138	0.145	0.143	0.127	0.153	absorbance:280
F	0.226	0.171	0.159	0.151	0.153	0.149	0.139	0.150	0.147	0.126	0.138	0.142	absorbance:280
G	0.244	0.176	0.156	0.151	0.146	0.156	0.140	0.137	0.145	0.138	0.140	0.139	absorbance:280
H	0.237	0.175	0.157	0.166	0.144	0.146	0.139	0.143	0.141	0.137	0.138	0.138	absorbance:280

absorbance:350
	1	2	3	4	5	6	7	8	9	10	11	12
A	0.035	0.036	0.035	0.035	0.035	0.035	0.035	0.036	0.035	0.035	0.034	0.034	absorbance:350
B	0.034	0.035	0.035	0.035	0.036	0.035	0.034	0.035	0.035	0.034	0.036	0.041	absorbance:350
C	0.037	0.038	0.037	0.037	0.037	0.037	0.037	0.037	0.038	0.036	0.037	0.037	absorbance:350
D	0.038	0.039	0.037	0.037	0.037	0.037	0.037	0.037	0.037	0.037	0.037	0.037	absorbance:350
E	0.065	0.048	0.043	0.041	0.040	0.039	0.039	0.039	0.038	0.037	0.038	0.039	absorbance:350
F	0.065	0.049	0.043	0.041	0.046	0.042	0.039	0.044	0.038	0.037	0.037	0.037	absorbance:350
G	0.076	0.047	0.041	0.039	0.038	0.046	0.036	0.037	0.036	0.035	0.035	0.035	absorbance:350
H	0.067	0.047	0.042	0.052	0.038	0.037	0.036	0.037	0.036	0.035	0.035	0.035	absorbance:350

absorbance:440
	1	2	3	4	5	6	7	8	9	10	11	12
A	0.028	0.028	0.028	0.028	0.027	0.028	0.027	0.028	0.028	0.028	0.027	0.028	absorbance:440
B	0.027	0.028	0.028	0.028	0.029	0.027	0.027	0.028	0.028	0.028	0.029	0.034	absorbance:440
C	0.030	0.030	0.030	0.030	0.030	0.030	0.030	0.030	0.030	0.029	0.030	0.030	absorbance:440
D	0.030	0.031	0.030	0.030	0.030	0.029	0.030	0.030	0.029	0.030	0.029	0.030	absorbance:440
E	0.030	0.030	0.030	0.030	0.030	0.030	0.031	0.030	0.030	0.030	0.030	0.031	absorbance:440
F	0.030	0.030	0.030	0.030	0.036	0.032	0.030	0.035	0.029	0.030	0.029	0.030	absorbance:440
G	0.040	0.028	0.028	0.028	0.028	0.037	0.028	0.028	0.028	0.028	0.028	0.028	absorbance:440
H	0.029	0.028	0.028	0.041	0.028	0.028	0.028	0.029	0.028	0.028	0.028	0.027	absorbance:440

absorbance:460
	1	2	3	4	5	6	7	8	9	10	11	12
A	0.028	0.028	0.028	0.027	0.027	0.028	0.027	0.028	0.028	0.028	0.027	0.028	absorbance:460
B	0.027	0.028	0.028	0.028	0.029	0.027	0.027	0.028	0.028	0.027	0.028	0.034	absorbance:460
C	0.030	0.030	0.030	0.030	0.030	0.030	0.029	0.030	0.030	0.029	0.029	0.030	absorbance:460
D	0.030	0.031	0.030	0.030	0.030	0.029	0.030	0.030	0.029	0.029	0.029	0.030	absorbance:460
E	0.030	0.030	0.030	0.030	0.030	0.030	0.031	0.030	0.029	0.029	0.030	0.031	absorbance:460
F	0.030	0.030	0.030	0.030	0.036	0.032	0.030	0.035	0.029	0.030	0.029	0.029	absorbance:460
G	0.040	0.028	0.028	0.028	0.028	0.036	0.028	0.028	0.028	0.027	0.027	0.028	absorbance:460
H	0.030	0.028	0.028	0.040	0.028	0.028	0.028	0.028	0.028	0.028	0.027	0.027	absorbance:460

absorbance:480
	1	2	3	4	5	6	7	8	9	10	11	12
A	0.027	0.028	0.027	0.027	0.027	0.027	0.027	0.028	0.027	0.027	0.027	0.027	absorbance:480
B	0.027	0.027	0.027	0.028	0.028	0.027	0.027	0.027	0.027	0.027	0.028	0.033	absorbance:480
C	0.029	0.029	0.029	0.030	0.029	0.029	0.029	0.029	0.030	0.029	0.029	0.029	absorbance:480
D	0.029	0.030	0.029	0.029	0.029	0.029	0.029	0.029	0.029	0.029	0.029	0.029	absorbance:480
E	0.029	0.029	0.029	0.029	0.029	0.029	0.030	0.029	0.029	0.029	0.029	0.030	absorbance:480
F	0.029	0.030	0.029	0.030	0.035	0.031	0.029	0.034	0.029	0.029	0.029	0.029	absorbance:480
G	0.039	0.028	0.028	0.028	0.027	0.036	0.027	0.028	0.027	0.027	0.027	0.027	absorbance:480
H	0.029	0.028	0.028	0.040	0.028	0.027	0.027	0.028	0.027	0.027	0.027	0.027	absorbance:480

Trp fluorescence:280,340
	1	2	3	4	5	6	7	8	9	10	11	12
A	4233	4108	4048	4108	4306	4240	4291	4281	4379	4379	4529	4737	Trp fluorescence:280,340
B	4396	4054	4120	3833	4867	3992	3879	4182	4005	4333	4391	7068	Trp fluorescence:280,340
C	7841	7807	7854	8283	7770	8267	9923	7794	8683	8363	8629	8964	Trp fluorescence:280,340
D	7971	8228	7434	7661	8318	7088	7862	8092	8161	8231	8744	8735	Trp fluorescence:280,340
E	5331	5278	5957	6144	5886	6030	5962	6170	6418	6341	5949	7257	Trp fluorescence:280,340
F	4826	5489	5653	5920	6523	6751	5899	6306	5959	5767	6369	6806	Trp fluorescence:280,340
G	3673	3550	3569	3439	3679	3943	3834	3869	3809	4090	4119	4545	Trp fluorescence:280,340
H	3249	3581	3781	4501	3879	4073	3742	3921	4279	4147	4581	4704	Trp fluorescence:280,340

Trp fluorescence:280,340[2]
	1	2	3	4	5	6	7	8	9	10	11	12
A	14701	14633	14118	15219	14587	14329	14294	14110	14381	14432	14759	14989	Trp fluorescence:280,340[2]
B	18031	16804	14982	13721	18676	13521	13416	13769	13500	13966	14918	60097	Trp fluorescence:280,340[2]
C	20503	19939	19553	23351	20040	19640	19714	18946	19405	19786	20636	20900	Trp fluorescence:280,340[2]
D	21280	21383	18971	18771	19966	17987	19082	18887	19111	19525	20586	20970	Trp fluorescence:280,340[2]
E	15178	15434	16233	16078	15972	15973	15861	15995	16429	16647	16695	18443	Trp fluorescence:280,340[2]
F	15498	15946	15498	16456	17815	17569	16186	19631	15827	15851	17013	18095	Trp fluorescence:280,340[2]
G	19341	12715	12700	12355	12308	16104	12349	12492	12830	13369	13871	14769	Trp fluorescence:280,340[2]
H	13692	13032	13063	18514	13222	13178	13028	13365	13647	13828	14579	15042	Trp fluorescence:280,340[2]

excite 280 top:280,440
	1	2	3	4	5	6	7	8	9	10	11	12
A	2738	2743	2615	2727	2735	3129	2655	2808	2749	2698	2837	2891	excite 280 top:280,440
B	2792	6691	2633	2519	4795	2631	2563	2713	2999	2584	2862	3098	excite 280 top:280,440
C	2620	2976	3781	26459	2681	2866	2707	2604	2650	2678	2666	2820	excite 280 top:280,440
D	3305	2638	2519	2625	2742	2599	2465	2591	2615	2732	2793	2776	excite 280 top:280,440
E	10388	7253	6575	5710	5291	4931	4204	4070	4138	3959	3796	4191	excite 280 top:280,440
F	10152	7618	6192	5782	7220	5078	4192	5609	3933	3543	3877	3995	excite 280 top:280,440
G	11246	7058	5562	4736	4040	4187	3066	3036	3139	3059	2786	3120	excite 280 top:280,440
H	10733	7074	5475	4836	4093	3731	3004	2921	2964	2882	2914	2973	excite 280 top:280,440

excite 280 top:280,460
	1	2	3	4	5	6	7	8	9	10	11	12
A	1759	1753	1718	1893	1853	2089	1777	1786	1854	1835	1840	1969	excite 280 top:280,460
B	1860	3923	1770	1745	2981	1735	1796	1746	1940	1733	1976	2069	excite 280 top:280,460
C	1732	1864	2327	13153	1777	1742	1786	1631	1694	1754	1773	1823	excite 280 top:280,460
D	1955	1697	1633	1654	1690	1677	1567	1676	1601	1742	1752	1813	excite 280 top:280,460
E	10326	7246	6420	5587	5017	4695	3856	3766	3929	3557	3292	3829	excite 280 top:280,460
F	9899	7589	5991	5554	5853	4954	3929	4637	3630	3205	3531	3624	excite 280 top:280,460
G	10544	6310	4885	4013	3323	3284	2321	2151	2197	2111	1940	2151	excite 280 top:280,460
H	10325	6466	4828	4099	3220	2855	2251	2107	2039	1960	2022	2073	excite 280 top:280,460

excite 280 top:280,480
	1	2	3	4	5	6	7	8	9	10	11	12
A	1896	1920	1857	1949	2062	2158	1983	1941	2061	1970	2022	2111	excite 280 top:280,480
B	1927	3658	1992	1843	2888	1770	1843	1854	2044	1888	2138	2207	excite 280 top:280,480
C	1850	1949	2378	11350	1830	1857	1913	1858	1874	1884	1918	1967	excite 280 top:280,480
D	2065	1851	1772	1769	1813	1788	1756	1705	1806	1853	1802	1860	excite 280 top:280,480
E	13266	9290	8641	7411	6528	6179	5389	5038	5245	4767	4223	5167	excite 280 top:280,480
F	12949	9734	8038	7209	7282	6282	5312	5676	4591	4075	4388	4665	excite 280 top:280,480
G	13339	8342	6338	5063	4124	3990	2701	2425	2365	2341	2117	2451	excite 280 top:280,480
H	13321	8293	6152	5021	3986	3597	2698	2427	2373	2317	2150	2363	excite 280 top:280,480

excite 280 bottom:280,440
	1	2	3	4	5	6	7	8	9	10	11	12
A	7834	8082	7696	7950	8034	7895	7932	7878	7963	7876	8194	8487	excite 280 bottom:280,440
B	8129	8572	7714	7532	13142	7731	7558	7668	7677	7782	10317	11102	excite 280 bottom:280,440
C	7979	7942	9617	20825	8340	8147	8019	7637	7961	8014	8115	8261	excite 280 bottom:280,440
D	8393	9269	7566	7933	8101	7820	7722	7891	7722	7904	8094	8247	excite 280 bottom:280,440
E	30270	23560	19767	16839	15143	13512	11495	11054	10508	10150	9987	10535	excite 280 bottom:280,440
F	30091	23703	19220	16898	20969	13209	11680	32537	10397	9843	9936	10296	excite 280 bottom:280,440
G	32935	21424	17303	15106	13282	15054	9564	8995	8572	8413	8226	8674	excite 280 bottom:280,440
H	28486	21260	17469	15809	12758	11319	9445	9095	8505	8392	8305	8373	excite 280 bottom:280,440

excite 280 bottom:280,460
	1	2	3	4	5	6	7	8	9	10	11	12
A	5322	5554	5134	5259	5414	5299	5289	5102	5091	5352	5472	5563	excite 280 bottom:280,460
B	5338	5616	5102	5161	7883	5220	5107	5186	5009	5234	6359	6873	excite 280 bottom:280,460
C	5362	5196	6243	11505	5393	5238	5193	5060	5281	5183	5281	5429	excite 280 bottom:280,460
D	5573	5805	5106	5228	5378	5142	5005	5051	5131	5230	5329	5475	excite 280 bottom:280,460
E	29221	22182	18304	15324	13634	11742	9842	9126	8724	8417	8007	8503	excite 280 bottom:280,460
F	28794	22303	17401	15206	16525	11453	10015	19550	8391	7861	7952	8123	excite 280 bottom:280,460
G	28618	19436	15212	12539	10906	11358	7110	6566	6045	5755	5573	5953	excite 280 bottom:280,460
H	26606	19247	15049	12809	10362	9208	7012	6584	6090	5841	5664	5649	excite 280 bottom:280,460

excite 280 bottom:280,480
	1	2	3	4	5	6	7	8	9	10	11	12
A	5678	5806	5459	5715	5761	5630	5736	5653	5730	5610	5860	5901	excite 280 bottom:280,480
B	5815	5789	5393	5456	7689	5535	5453	5353	5426	5510	6727	7295	excite 280 bottom:280,480
C	5466	5575	6328	10376	5864	5648	5611	5538	5672	5421	5772	5892	excite 280 bottom:280,480
D	5829	6022	5492	5598	5616	5543	5478	5525	5518	5649	5696	5880	excite 280 bottom:280,480
E	36714	27935	23210	19393	16722	14841	12322	11361	10968	10338	9533	10500	excite 280 bottom:280,480
F	37034	28385	22051	19441	19355	14366	12635	18762	10078	9454	9688	9939	excite 280 bottom:280,480
G	35739	24270	18969	15310	12856	13372	8205	7414	6744	6391	6087	6410	excite 280 bottom:280,480
H	33468	23996	18414	15365	12595	10606	7991	7363	6713	6417	6330	6392	excite 280 bottom:280,480

excite 350 top:350,440
	1	2	3	4	5	6	7	8	9	10	11	12
A	3752	3557	3391	3560	3540	4049	3562	3570	3925	3555	3658	3910	excite 350 top:350,440
B	4185	15668	3616	3416	8582	3533	3393	3990	4167	3585	4274	4495	excite 350 top:350,440
C	3323	3846	6592	66719	3436	3599	3511	3304	3428	3489	3498	3687	excite 350 top:350,440
D	5258	3425	3259	3215	3445	3210	3291	3364	3436	3485	3537	3549	excite 350 top:350,440
E	6160	4913	4908	4356	4248	4122	3729	3684	3687	3749	3689	4051	excite 350 top:350,440
F	6288	4947	4544	4438	9705	4815	3760	6867	3791	3641	3867	3901	excite 350 top:350,440
G	8915	5342	4466	4395	4390	5347	3791	3787	4552	4107	3615	4130	excite 350 top:350,440
H	6554	5167	4708	4564	4499	3988	3750	3778	3737	3831	3882	3944	excite 350 top:350,440

excite 350 top:350,460
	1	2	3	4	5	6	7	8	9	10	11	12
A	2231	2188	2137	2163	2354	2541	2263	2318	2388	2295	2373	2374	excite 350 top:350,460
B	2399	8903	2175	2183	4924	2198	2228	2274	2449	2152	2680	2801	excite 350 top:350,460
C	2041	2455	3758	32213	2203	2210	2171	2136	2202	2271	2105	2261	excite 350 top:350,460
D	3009	2089	2014	2021	2192	2016	1992	2099	2110	2207	2146	2195	excite 350 top:350,460
E	5129	3869	3885	3310	3056	3068	2706	2511	2674	2580	2583	2723	excite 350 top:350,460
F	5220	3987	3527	3443	5969	3352	2825	4189	2637	2461	2566	2656	excite 350 top:350,460
G	6890	4089	3406	3111	2943	3338	2487	2592	2762	2545	2327	2647	excite 350 top:350,460
H	5436	4149	3644	3292	3069	2772	2472	2483	2365	2508	2431	2456	excite 350 top:350,460

excite 350 top:350,480
	1	2	3	4	5	6	7	8	9	10	11	12
A	2260	2273	2016	2268	2285	2468	2307	2245	2371	2326	2378	2477	excite 350 top:350,480
B	2472	7557	2239	2125	4209	2282	2196	2338	2462	2182	2675	2761	excite 350 top:350,480
C	2169	2287	3405	26456	2148	2218	2210	2143	2239	2208	2144	2272	excite 350 top:350,480
D	2812	2138	2046	2038	2246	2061	2083	2205	2205	2250	2202	2286	excite 350 top:350,480
E	6226	4760	4440	3919	3628	3467	2976	2942	2977	2815	2704	2911	excite 350 top:350,480
F	6158	4762	4132	3963	5848	3715	3073	4104	2856	2653	2821	2772	excite 350 top:350,480
G	7704	4675	3994	3583	3225	3637	2577	2573	2830	2655	2353	2592	excite 350 top:350,480
H	6646	4808	3922	3577	3345	2930	2578	2516	2540	2456	2465	2529	excite 350 top:350,480

excite 350 bottom:350,440
	1	2	3	4	5	6	7	8	9	10	11	12
A	8978	9093	8953	8944	8991	9016	8676	8802	8829	8898	8935	9620	excite 350 bottom:350,440
B	9606	12875	8706	8900	20848	8813	8723	8963	8451	8762	13211	11423	excite 350 bottom:350,440
C	8883	8884	13648	57912	9533	8944	8953	8669	8898	8782	9069	9126	excite 350 bottom:350,440
D	10098	10523	8707	8825	9136	8890	8637	8872	8767	8998	9180	9182	excite 350 bottom:350,440
E	15596	13138	12031	11407	10873	10417	9840	9690	9606	9642	9557	9826	excite 350 bottom:350,440
F	15590	13483	12057	11569	23381	10612	9969	30224	9591	9555	9563	9845	excite 350 bottom:350,440
G	21817	12998	11623	10887	11010	14781	9280	9496	8965	9410	9362	9679	excite 350 bottom:350,440
H	15378	12904	11686	11212	11205	9994	9418	9186	9001	9237	9217	9506	excite 350 bottom:350,440

excite 350 bottom:350,460
	1	2	3	4	5	6	7	8	9	10	11	12
A	5450	5633	5318	5397	5496	5523	5372	5429	5449	5299	5444	5709	excite 350 bottom:350,460
B	5841	7914	5390	5406	11882	5348	5344	5424	5305	5386	7633	6771	excite 350 bottom:350,460
C	5538	5403	8093	29745	5787	5561	5426	5495	5491	5392	5552	5677	excite 350 bottom:350,460
D	6117	6337	5399	5511	5662	5390	5371	5634	5470	5487	5753	5711	excite 350 bottom:350,460
E	12528	10132	9199	8236	7993	7200	6786	6489	6262	6160	6177	6381	excite 350 bottom:350,460
F	12494	10455	8920	8367	14146	7544	6867	16349	6368	6124	6219	6203	excite 350 bottom:350,460
G	15322	9883	8343	7791	7508	9513	6018	6100	5757	5861	5673	5905	excite 350 bottom:350,460
H	11859	9830	8450	7894	7420	6606	6045	5867	5873	5693	5638	5729	excite 350 bottom:350,460

excite 350 bottom:350,480
	1	2	3	4	5	6	7	8	9	10	11	12
A	5419	5479	5174	5302	5359	5227	5294	5241	5207	5243	5421	5543	excite 350 bottom:350,480
B	5647	6984	5326	5222	10314	5176	5123	5051	5061	5347	6800	6646	excite 350 bottom:350,480
C	5371	5287	7197	23985	5621	5445	5292	5187	5276	5409	5620	5532	excite 350 bottom:350,480
D	5923	5939	5208	5390	5574	5321	5294	5323	5229	5290	5323	5524	excite 350 bottom:350,480
E	14793	11717	9959	9356	8520	7894	7113	6707	6596	6452	6208	6703	excite 350 bottom:350,480
F	14595	11909	10060	8991	13614	7961	7204	13780	6493	6205	6387	6480	excite 350 bottom:350,480
G	17159	11019	9347	8176	7867	9479	6328	6234	5758	5797	5575	5852	excite 350 bottom:350,480
H	14195	10895	9271	8441	7815	6901	6145	5855	5752	5594	5465	5743	excite 350 bottom:350,480

