Procedure Summary

Plate Type	Costar 96 well half area
Read	Read:  absorbance (A) 280, 350, 440, 460, 480
Read	Read:  Trp fluorescence (F) 280,340, 280,340[2]
Read	Read:  excite 280 top (F) 280,440, 280,460, 280,480
Read	Read:  excite 280 bottom (F) 280,440, 280,460, 280,480
Read	Read:  excite 350 top (F) 350,440, 350,460, 350,480
Read	Read:  excite 350 bottom (F) 350,440, 350,460, 350,480

Layout
	1	2	3	4	5	6	7	8	9	10	11	12
A													Well ID
													Name
B													Well ID
													Name
C													Well ID
													Name
D													Well ID
													Name
E													Well ID
													Name
F													Well ID
													Name
G													Well ID
													Name
H													Well ID
													Name

Data Reduction Summary

	

Layout
	1	2	3	4	5	6	7	8	9	10	11	12
A													Well ID
													Name
B													Well ID
													Name
C													Well ID
													Name
D													Well ID
													Name
E													Well ID
													Name
F													Well ID
													Name
G													Well ID
													Name
H													Well ID
													Name

absorbance:280
	1	2	3	4	5	6	7	8	9	10	11	12
A	0.052	0.056	0.054	0.054	0.055	0.055	0.053	0.056	0.054	0.054	0.054	0.054	absorbance:280
B	0.052	0.054	0.054	0.054	0.054	0.054	0.053	0.056	0.054	0.054	0.054	0.053	absorbance:280
C	0.052	0.054	0.054	0.054	0.055	0.055	0.053	0.055	0.055	0.054	0.054	0.053	absorbance:280
D	0.052	0.054	0.054	0.053	0.054	0.054	0.053	0.056	0.053	0.054	0.054	0.054	absorbance:280
E	0.151	0.093	0.075	0.067	0.064	0.061	0.059	0.059	0.055	0.056	0.056	0.056	absorbance:280
F	0.151	0.093	0.075	0.067	0.064	0.061	0.058	0.059	0.056	0.057	0.055	0.055	absorbance:280
G	0.151	0.094	0.076	0.069	0.063	0.061	0.057	0.059	0.056	0.056	0.055	0.054	absorbance:280
H	0.161	0.094	0.075	0.067	0.063	0.061	0.057	0.060	0.056	0.055	0.055	0.054	absorbance:280

absorbance:350
	1	2	3	4	5	6	7	8	9	10	11	12
A	0.033	0.048	0.034	0.033	0.033	0.034	0.033	0.034	0.034	0.033	0.033	0.034	absorbance:350
B	0.033	0.034	0.033	0.033	0.033	0.033	0.033	0.034	0.034	0.033	0.034	0.033	absorbance:350
C	0.033	0.034	0.034	0.033	0.034	0.034	0.034	0.034	0.034	0.033	0.033	0.033	absorbance:350
D	0.033	0.034	0.034	0.033	0.034	0.033	0.033	0.034	0.033	0.033	0.033	0.034	absorbance:350
E	0.063	0.046	0.040	0.038	0.037	0.036	0.036	0.035	0.034	0.034	0.035	0.035	absorbance:350
F	0.063	0.046	0.040	0.038	0.037	0.036	0.035	0.035	0.034	0.035	0.034	0.034	absorbance:350
G	0.063	0.046	0.041	0.038	0.036	0.036	0.035	0.036	0.035	0.034	0.034	0.034	absorbance:350
H	0.070	0.046	0.041	0.038	0.037	0.036	0.035	0.036	0.035	0.034	0.034	0.034	absorbance:350

absorbance:440
	1	2	3	4	5	6	7	8	9	10	11	12
A	0.027	0.037	0.028	0.027	0.027	0.028	0.027	0.028	0.028	0.027	0.028	0.028	absorbance:440
B	0.027	0.027	0.027	0.027	0.027	0.027	0.027	0.028	0.028	0.028	0.028	0.027	absorbance:440
C	0.027	0.028	0.028	0.028	0.028	0.028	0.028	0.028	0.028	0.028	0.027	0.028	absorbance:440
D	0.027	0.028	0.028	0.027	0.028	0.027	0.027	0.028	0.027	0.028	0.028	0.028	absorbance:440
E	0.028	0.028	0.028	0.028	0.028	0.028	0.028	0.028	0.028	0.028	0.028	0.029	absorbance:440
F	0.028	0.028	0.028	0.028	0.028	0.028	0.028	0.028	0.028	0.028	0.028	0.028	absorbance:440
G	0.028	0.028	0.028	0.028	0.028	0.028	0.028	0.028	0.028	0.028	0.027	0.028	absorbance:440
H	0.033	0.028	0.028	0.028	0.028	0.028	0.028	0.029	0.028	0.028	0.028	0.028	absorbance:440

absorbance:460
	1	2	3	4	5	6	7	8	9	10	11	12
A	0.027	0.034	0.027	0.027	0.027	0.027	0.027	0.027	0.027	0.027	0.027	0.027	absorbance:460
B	0.027	0.027	0.027	0.027	0.027	0.027	0.027	0.027	0.027	0.027	0.027	0.027	absorbance:460
C	0.027	0.027	0.027	0.027	0.027	0.027	0.028	0.027	0.028	0.027	0.027	0.027	absorbance:460
D	0.027	0.028	0.027	0.027	0.027	0.027	0.027	0.027	0.027	0.027	0.027	0.027	absorbance:460
E	0.028	0.028	0.027	0.027	0.028	0.028	0.027	0.028	0.027	0.027	0.028	0.028	absorbance:460
F	0.028	0.028	0.027	0.027	0.028	0.027	0.028	0.028	0.027	0.028	0.027	0.027	absorbance:460
G	0.027	0.027	0.027	0.027	0.027	0.028	0.027	0.028	0.027	0.027	0.027	0.027	absorbance:460
H	0.034	0.027	0.028	0.027	0.027	0.029	0.027	0.028	0.028	0.027	0.027	0.027	absorbance:460

absorbance:480
	1	2	3	4	5	6	7	8	9	10	11	12
A	0.027	0.033	0.027	0.027	0.026	0.027	0.026	0.027	0.027	0.027	0.027	0.027	absorbance:480
B	0.026	0.027	0.027	0.027	0.027	0.026	0.026	0.027	0.027	0.027	0.027	0.026	absorbance:480
C	0.026	0.027	0.027	0.027	0.027	0.027	0.027	0.027	0.027	0.027	0.027	0.027	absorbance:480
D	0.026	0.027	0.027	0.026	0.027	0.026	0.026	0.027	0.027	0.027	0.027	0.027	absorbance:480
E	0.027	0.027	0.027	0.027	0.027	0.027	0.027	0.027	0.027	0.027	0.028	0.028	absorbance:480
F	0.027	0.027	0.027	0.027	0.027	0.027	0.027	0.027	0.027	0.027	0.027	0.027	absorbance:480
G	0.027	0.027	0.027	0.027	0.027	0.027	0.027	0.027	0.027	0.027	0.026	0.027	absorbance:480
H	0.033	0.027	0.027	0.027	0.027	0.029	0.027	0.028	0.027	0.027	0.027	0.027	absorbance:480

Trp fluorescence:280,340
	1	2	3	4	5	6	7	8	9	10	11	12
A	4616	4647	4520	4603	4691	4609	4708	4595	4717	4819	4904	5050	Trp fluorescence:280,340
B	4653	4425	4424	4310	4379	4472	4453	4573	4564	4847	4899	5232	Trp fluorescence:280,340
C	4404	4223	4285	4279	4264	4290	6915	4514	4408	4450	4705	5212	Trp fluorescence:280,340
D	4492	4312	3956	4443	4118	4104	4090	4319	4458	4480	4651	4981	Trp fluorescence:280,340
E	3493	3646	3812	3799	3866	3950	3959	4155	4168	4313	4413	4807	Trp fluorescence:280,340
F	3456	3899	3895	3807	3833	4110	3792	3956	4236	4274	4412	4821	Trp fluorescence:280,340
G	3519	3681	4107	4014	3987	4015	4002	4197	4132	4323	4564	4802	Trp fluorescence:280,340
H	3570	4066	4149	4172	4218	4542	4342	4507	4772	4786	4917	5119	Trp fluorescence:280,340

Trp fluorescence:280,340[2]
	1	2	3	4	5	6	7	8	9	10	11	12
A	15333	16406	15113	14886	15807	15060	15292	15172	15217	15153	15730	15959	Trp fluorescence:280,340[2]
B	15209	14639	14125	13906	14220	14773	14240	14442	14335	14803	15510	15551	Trp fluorescence:280,340[2]
C	14843	14590	13981	13360	13464	13600	18439	13540	13745	14242	14562	15030	Trp fluorescence:280,340[2]
D	14803	14109	13354	13669	13184	13230	12933	13292	13736	13864	14412	15401	Trp fluorescence:280,340[2]
E	13258	12736	12716	12533	12836	12710	12763	12881	12890	13725	14767	14917	Trp fluorescence:280,340[2]
F	13197	13029	12704	12594	12462	13081	12571	12951	13042	13716	14193	15075	Trp fluorescence:280,340[2]
G	13151	13246	13187	12964	12869	13130	12938	13271	13512	13963	14631	15149	Trp fluorescence:280,340[2]
H	13768	13755	14033	13780	13809	14607	13737	14325	14157	14499	15213	15928	Trp fluorescence:280,340[2]

excite 280 top:280,440
	1	2	3	4	5	6	7	8	9	10	11	12
A	2739	2606	2661	2672	2704	2670	2706	2660	2614	2642	2800	2929	excite 280 top:280,440
B	2795	2515	2601	2574	2675	2593	2538	2640	3135	2694	2652	2871	excite 280 top:280,440
C	2598	2421	2692	2457	2695	2555	2753	2514	2546	2593	2664	2663	excite 280 top:280,440
D	2651	2519	2497	2734	2545	2647	2487	2559	2535	2668	2617	2722	excite 280 top:280,440
E	10125	6575	5059	3899	3621	3309	2696	2664	2580	2684	2643	2800	excite 280 top:280,440
F	10275	6710	4944	4013	3431	3315	2780	2734	2703	2580	2662	3116	excite 280 top:280,440
G	10095	6592	5331	4229	3501	3266	2749	2778	2700	2723	2716	2791	excite 280 top:280,440
H	10655	6586	5215	4037	3403	3321	2791	2756	2759	2841	2780	2920	excite 280 top:280,440

excite 280 top:280,460
	1	2	3	4	5	6	7	8	9	10	11	12
A	1836	1759	1783	1768	1867	1773	1802	1799	1786	1804	1882	1856	excite 280 top:280,460
B	1877	1652	1762	1659	1669	1719	1696	1708	1964	1759	1800	1919	excite 280 top:280,460
C	1792	1695	1717	1734	1632	1681	1763	1671	1716	1668	1805	1811	excite 280 top:280,460
D	1722	1671	1631	1757	1672	1723	1669	1679	1662	1752	1728	1899	excite 280 top:280,460
E	10074	6240	4622	3336	3055	2596	2062	1864	1708	1904	1807	1866	excite 280 top:280,460
F	10066	6415	4562	3485	2723	2604	1966	1890	1885	1884	1865	2075	excite 280 top:280,460
G	9907	6266	4885	3672	2825	2490	2060	1941	1873	1953	1882	1923	excite 280 top:280,460
H	10455	6275	4720	3505	2764	2657	2088	1988	1994	1999	1929	1992	excite 280 top:280,460

excite 280 top:280,480
	1	2	3	4	5	6	7	8	9	10	11	12
A	1984	1981	1969	1955	2036	1988	1984	1841	1919	2049	2025	2074	excite 280 top:280,480
B	1933	1894	1852	1850	1882	1943	1929	1906	2099	1900	1963	2118	excite 280 top:280,480
C	1876	1904	1904	1839	2052	1863	1962	1778	1941	1875	1932	1935	excite 280 top:280,480
D	1870	1879	1824	1976	1884	1882	1814	1832	1753	1787	1975	1998	excite 280 top:280,480
E	13783	8137	6127	4293	3902	3126	2428	2225	2063	2051	2070	2166	excite 280 top:280,480
F	12977	8416	6103	4428	3447	3151	2422	2139	2107	2030	2083	2220	excite 280 top:280,480
G	13118	8119	6308	4877	3588	3159	2383	2343	2091	2152	2117	2106	excite 280 top:280,480
H	13559	7954	6229	4375	3482	3164	2426	2237	2152	2116	2139	2237	excite 280 top:280,480

excite 280 bottom:280,440
	1	2	3	4	5	6	7	8	9	10	11	12
A	7907	7957	7619	7830	8181	7730	7771	7771	7681	7686	7812	7962	excite 280 bottom:280,440
B	7826	7449	7425	7453	7698	7464	7365	7530	7584	7667	7760	8024	excite 280 bottom:280,440
C	7726	7508	7593	7313	8576	7679	7684	7542	7580	7607	7628	7887	excite 280 bottom:280,440
D	7613	7363	7316	7501	7587	7474	7308	7292	7308	7347	7654	7803	excite 280 bottom:280,440
E	32971	23884	17945	12824	11390	9519	8312	7989	7683	7672	7939	8132	excite 280 bottom:280,440
F	32577	23775	17207	12991	10757	9364	8437	8085	7831	7858	7784	8071	excite 280 bottom:280,440
G	32606	24080	18763	14521	11166	9888	8440	8204	8004	7776	7887	8007	excite 280 bottom:280,440
H	32880	23328	18179	13793	10772	9911	8612	8219	7900	7988	8239	8323	excite 280 bottom:280,440

excite 280 bottom:280,460
	1	2	3	4	5	6	7	8	9	10	11	12
A	5274	5503	5219	5321	5314	5355	5235	5286	5194	5272	5416	5362	excite 280 bottom:280,460
B	5249	5070	4898	5078	5202	5079	5018	4893	5034	5130	5320	5227	excite 280 bottom:280,460
C	5128	5038	4981	4948	5517	5020	5209	4916	5094	5031	5176	5374	excite 280 bottom:280,460
D	5126	4950	4881	5005	5167	5094	4878	4791	4967	4972	5225	5331	excite 280 bottom:280,460
E	31606	22093	15982	10951	9310	7346	5911	5699	5406	5444	5438	5431	excite 280 bottom:280,460
F	30905	22119	15337	11048	8509	7091	6213	5688	5407	5424	5410	5525	excite 280 bottom:280,460
G	31178	22247	16932	12450	9079	7673	6065	5834	5493	5362	5539	5480	excite 280 bottom:280,460
H	31336	21548	16413	11640	8773	7528	6234	5847	5691	5455	5567	5541	excite 280 bottom:280,460

excite 280 bottom:280,480
	1	2	3	4	5	6	7	8	9	10	11	12
A	5858	5880	5636	5564	5875	5919	5690	5643	5666	5725	5866	5893	excite 280 bottom:280,480
B	5768	5384	5342	5406	5755	5459	5500	5318	5469	5542	5546	5779	excite 280 bottom:280,480
C	5477	5293	5281	5405	5762	5558	5568	5336	5564	5418	5654	5854	excite 280 bottom:280,480
D	5568	5334	5289	5380	5389	5349	5266	5359	5232	5366	5511	5765	excite 280 bottom:280,480
E	39600	28305	20388	13563	11216	8745	6909	6515	6224	6073	5997	6152	excite 280 bottom:280,480
F	39300	28033	19461	13726	10375	8360	7108	6461	6060	5756	5985	6053	excite 280 bottom:280,480
G	40005	28479	21540	15504	10956	9300	7123	6648	6234	6111	5987	5976	excite 280 bottom:280,480
H	39406	27299	20484	14593	10529	8874	7153	6592	6201	6130	6182	6086	excite 280 bottom:280,480

excite 350 top:350,440
	1	2	3	4	5	6	7	8	9	10	11	12
A	3287	3209	3347	3205	3334	3196	3283	3075	3188	3281	3311	3407	excite 350 top:350,440
B	3763	2957	2978	3110	3159	3132	3191	3147	3883	3233	3373	3506	excite 350 top:350,440
C	3135	3131	3339	3139	3352	3207	3520	3256	3166	3210	3290	3418	excite 350 top:350,440
D	3178	3144	2956	3514	3160	3114	3147	3217	3258	3225	3318	3287	excite 350 top:350,440
E	6410	4716	4229	3708	3630	3393	3151	3305	3324	3298	3258	3494	excite 350 top:350,440
F	6132	4804	4264	3675	3459	3511	3313	3037	3203	3291	3346	3971	excite 350 top:350,440
G	5963	4735	4263	3840	3607	3473	3344	3411	3206	3263	3253	3375	excite 350 top:350,440
H	6414	4661	4268	3863	3655	3529	3355	3436	3406	3361	3394	3542	excite 350 top:350,440

excite 350 top:350,460
	1	2	3	4	5	6	7	8	9	10	11	12
A	2051	1957	2019	1952	2065	1963	2030	1947	2075	2015	2089	2083	excite 350 top:350,460
B	2180	1874	1998	1913	2019	1947	1898	1975	2406	2055	2067	2159	excite 350 top:350,460
C	1982	1834	2060	1987	2004	2009	2207	1951	2023	2031	1959	2218	excite 350 top:350,460
D	1868	1990	1951	2155	1970	1878	1916	2014	2039	2132	2000	2102	excite 350 top:350,460
E	5446	3847	3139	2671	2533	2355	2133	2005	2097	1962	1997	2239	excite 350 top:350,460
F	5178	3666	3279	2651	2441	2293	2118	2080	2066	1992	2118	2462	excite 350 top:350,460
G	5149	3733	3166	2799	2484	2262	2175	2297	2075	2126	2055	2159	excite 350 top:350,460
H	5341	3671	3120	2721	2475	2322	2064	2170	2143	2159	2188	2192	excite 350 top:350,460

excite 350 top:350,480
	1	2	3	4	5	6	7	8	9	10	11	12
A	2082	1978	2092	2048	2086	2043	2008	2004	2050	1994	2174	2084	excite 350 top:350,480
B	2196	1832	2016	1942	2055	2052	1953	1996	2264	2063	2020	2168	excite 350 top:350,480
C	2023	1924	1948	2031	2068	2089	2148	1938	1977	1966	2004	2043	excite 350 top:350,480
D	2010	1958	1921	2159	2000	1927	1905	1963	1969	2048	2074	2184	excite 350 top:350,480
E	6663	4502	3797	3100	2763	2543	2216	2162	2133	2092	1990	2165	excite 350 top:350,480
F	6511	4656	3676	3132	2773	2487	2249	2138	2111	2126	2146	2392	excite 350 top:350,480
G	6402	4466	3803	3256	2756	2445	2253	2349	2155	2137	2031	2264	excite 350 top:350,480
H	6764	4395	3882	3115	2737	2469	2218	2242	2189	2224	2141	2281	excite 350 top:350,480

excite 350 bottom:350,440
	1	2	3	4	5	6	7	8	9	10	11	12
A	8542	8630	8157	8544	8628	8238	8140	8226	8273	8414	8508	8544	excite 350 bottom:350,440
B	9084	8180	8154	8173	8314	8222	8059	8383	8349	8243	8569	8295	excite 350 bottom:350,440
C	8306	8135	8350	8272	9677	8386	8673	8314	8447	8335	8481	8622	excite 350 bottom:350,440
D	8282	8182	8275	8787	8287	8270	7965	8150	8179	8319	8528	8421	excite 350 bottom:350,440
E	16317	12984	11401	10132	9504	9076	8398	8398	8465	8529	8508	8649	excite 350 bottom:350,440
F	15815	13198	11215	10067	9428	9010	8390	8438	8368	8440	8341	8721	excite 350 bottom:350,440
G	15820	13038	11609	10559	9667	9212	8649	8715	8612	8350	8720	8631	excite 350 bottom:350,440
H	15928	12810	11541	10622	9531	9101	8602	8739	8594	8713	8687	8731	excite 350 bottom:350,440

excite 350 bottom:350,460
	1	2	3	4	5	6	7	8	9	10	11	12
A	5120	5251	4967	5167	5321	5067	5111	5273	5098	5359	5408	5429	excite 350 bottom:350,460
B	5600	5084	5142	5120	5130	5059	5194	5048	4984	5140	5411	5132	excite 350 bottom:350,460
C	5162	5025	5233	5017	5916	5256	5368	4980	5276	5210	5282	5307	excite 350 bottom:350,460
D	5316	5018	5084	5316	5025	5113	5025	5043	5101	5177	5209	5367	excite 350 bottom:350,460
E	13529	10296	8682	7162	6489	5925	5547	5406	5310	5395	5306	5469	excite 350 bottom:350,460
F	13009	10383	8421	7126	6301	5922	5502	5431	5336	5429	5474	5380	excite 350 bottom:350,460
G	13227	10396	8997	7658	6531	6095	5483	5744	5268	5278	5248	5448	excite 350 bottom:350,460
H	13238	10004	8799	7532	6560	6050	5543	5562	5376	5468	5499	5509	excite 350 bottom:350,460

excite 350 bottom:350,480
	1	2	3	4	5	6	7	8	9	10	11	12
A	5113	5319	5059	5085	5279	5071	4978	5129	5118	5035	5207	5344	excite 350 bottom:350,480
B	5279	4873	4929	4936	4983	5054	4927	4931	4881	5179	5086	5206	excite 350 bottom:350,480
C	5039	4928	5031	5146	5521	5083	5348	4947	5028	5054	5190	5090	excite 350 bottom:350,480
D	5097	4829	4932	5169	5105	4984	5031	4856	4959	5072	5139	5148	excite 350 bottom:350,480
E	16103	11968	9805	7673	6983	6353	5706	5482	5431	5344	5308	5378	excite 350 bottom:350,480
F	15770	12178	9729	8032	6832	6134	5619	5453	5453	5297	5364	5449	excite 350 bottom:350,480
G	15940	11900	10118	8373	7090	6430	5737	5710	5411	5426	5258	5442	excite 350 bottom:350,480
H	15909	11772	9741	8113	6916	6291	5684	5609	5405	5339	5392	5406	excite 350 bottom:350,480

