Procedure Summary

Plate Type	Costar 96 well half area
Read	Read:  absorbance (A) 280, 350, 440, 460, 480
Read	Read:  Trp fluorescence (F) 280,340, 280,340[2]
Read	Read:  excite 280 top (F) 280,440, 280,460, 280,480
Read	Read:  excite 280 bottom (F) 280,440, 280,460, 280,480
Read	Read:  excite 350 top (F) 350,440, 350,460, 350,480
Read	Read:  excite 350 bottom (F) 350,440, 350,460, 350,480

Layout
	1	2	3	4	5	6	7	8	9	10	11	12
A													Well ID
													Name
B													Well ID
													Name
C													Well ID
													Name
D													Well ID
													Name
E													Well ID
													Name
F													Well ID
													Name
G													Well ID
													Name
H													Well ID
													Name

Data Reduction Summary

	

Layout
	1	2	3	4	5	6	7	8	9	10	11	12
A													Well ID
													Name
B													Well ID
													Name
C													Well ID
													Name
D													Well ID
													Name
E													Well ID
													Name
F													Well ID
													Name
G													Well ID
													Name
H													Well ID
													Name

absorbance:280
	1	2	3	4	5	6	7	8	9	10	11	12
A	0.219	0.225	0.218	0.237	0.230	0.220	0.229	0.223	0.233	0.222	0.218	0.208	absorbance:280
B	0.229	0.214	0.220	0.208	0.224	0.234	0.226	0.227	0.226	0.213	0.225	0.230	absorbance:280
C	0.214	0.224	0.218	0.221	0.218	0.227	0.217	0.208	0.243	0.208	0.219	0.234	absorbance:280
D	0.217	0.230	0.207	0.223	0.241	0.202	0.221	0.229	0.223	0.218	0.219	0.222	absorbance:280
E	0.326	0.233	0.257	0.236	0.232	0.222	0.232	0.222	0.229	0.225	0.214	0.224	absorbance:280
F	0.308	0.246	0.252	0.232	0.252	0.235	0.221	0.235	0.232	0.207	0.222	0.223	absorbance:280
G	0.322	0.248	0.242	0.222	0.241	0.249	0.236	0.223	0.229	0.203	0.221	0.221	absorbance:280
H	0.318	0.256	0.233	0.244	0.235	0.240	0.216	0.204	0.244	0.221	0.202	0.211	absorbance:280

absorbance:350
	1	2	3	4	5	6	7	8	9	10	11	12
A	0.035	0.044	0.036	0.037	0.035	0.036	0.035	0.036	0.036	0.035	0.035	0.035	absorbance:350
B	0.035	0.036	0.035	0.035	0.036	0.035	0.035	0.036	0.035	0.035	0.035	0.035	absorbance:350
C	0.037	0.038	0.037	0.037	0.038	0.038	0.037	0.038	0.039	0.037	0.037	0.038	absorbance:350
D	0.037	0.038	0.038	0.037	0.038	0.037	0.037	0.038	0.037	0.037	0.037	0.038	absorbance:350
E	0.070	0.048	0.044	0.041	0.040	0.040	0.039	0.039	0.038	0.038	0.042	0.039	absorbance:350
F	0.066	0.048	0.044	0.042	0.057	0.043	0.039	0.049	0.039	0.038	0.038	0.038	absorbance:350
G	0.070	0.048	0.043	0.040	0.043	0.046	0.036	0.037	0.037	0.036	0.035	0.035	absorbance:350
H	0.066	0.047	0.042	0.052	0.038	0.041	0.037	0.037	0.037	0.036	0.035	0.035	absorbance:350

absorbance:440
	1	2	3	4	5	6	7	8	9	10	11	12
A	0.027	0.039	0.028	0.029	0.028	0.028	0.027	0.028	0.028	0.028	0.027	0.028	absorbance:440
B	0.027	0.028	0.028	0.028	0.028	0.027	0.027	0.028	0.028	0.028	0.028	0.027	absorbance:440
C	0.029	0.030	0.029	0.029	0.030	0.029	0.029	0.029	0.030	0.029	0.029	0.030	absorbance:440
D	0.029	0.029	0.030	0.029	0.029	0.029	0.029	0.030	0.029	0.029	0.029	0.030	absorbance:440
E	0.034	0.029	0.030	0.029	0.029	0.029	0.029	0.030	0.029	0.029	0.033	0.030	absorbance:440
F	0.029	0.029	0.030	0.030	0.046	0.033	0.030	0.039	0.030	0.030	0.029	0.030	absorbance:440
G	0.034	0.028	0.029	0.028	0.033	0.036	0.027	0.028	0.029	0.028	0.027	0.027	absorbance:440
H	0.029	0.028	0.028	0.041	0.028	0.030	0.028	0.029	0.028	0.028	0.027	0.027	absorbance:440

absorbance:460
	1	2	3	4	5	6	7	8	9	10	11	12
A	0.027	0.038	0.028	0.029	0.027	0.028	0.027	0.028	0.027	0.028	0.027	0.027	absorbance:460
B	0.028	0.028	0.028	0.027	0.028	0.027	0.027	0.028	0.028	0.028	0.027	0.027	absorbance:460
C	0.029	0.029	0.029	0.029	0.029	0.029	0.029	0.029	0.030	0.029	0.029	0.030	absorbance:460
D	0.029	0.029	0.030	0.029	0.029	0.029	0.029	0.029	0.029	0.029	0.029	0.029	absorbance:460
E	0.033	0.029	0.029	0.029	0.029	0.029	0.029	0.030	0.029	0.029	0.033	0.030	absorbance:460
F	0.029	0.029	0.029	0.030	0.045	0.033	0.030	0.039	0.029	0.029	0.029	0.029	absorbance:460
G	0.034	0.028	0.029	0.028	0.033	0.036	0.027	0.028	0.028	0.028	0.027	0.027	absorbance:460
H	0.029	0.028	0.028	0.040	0.028	0.030	0.028	0.028	0.028	0.028	0.027	0.027	absorbance:460

absorbance:480
	1	2	3	4	5	6	7	8	9	10	11	12
A	0.027	0.036	0.027	0.029	0.027	0.027	0.027	0.028	0.027	0.028	0.027	0.027	absorbance:480
B	0.027	0.028	0.027	0.027	0.027	0.027	0.027	0.027	0.027	0.027	0.027	0.027	absorbance:480
C	0.029	0.029	0.029	0.029	0.029	0.029	0.029	0.029	0.029	0.029	0.029	0.029	absorbance:480
D	0.029	0.029	0.029	0.029	0.029	0.029	0.029	0.029	0.029	0.029	0.029	0.029	absorbance:480
E	0.033	0.029	0.029	0.029	0.029	0.029	0.029	0.029	0.029	0.029	0.033	0.030	absorbance:480
F	0.029	0.029	0.029	0.029	0.045	0.032	0.029	0.039	0.029	0.029	0.029	0.029	absorbance:480
G	0.033	0.028	0.029	0.028	0.033	0.035	0.027	0.028	0.028	0.028	0.027	0.027	absorbance:480
H	0.028	0.028	0.028	0.040	0.027	0.030	0.027	0.028	0.028	0.027	0.027	0.027	absorbance:480

Trp fluorescence:280,340
	1	2	3	4	5	6	7	8	9	10	11	12
A	4080	4228	3955	4144	4117	4146	4061	4152	4062	4251	4400	4451	Trp fluorescence:280,340
B	4110	3862	3943	3659	3958	3985	3856	3997	3909	3994	4308	4730	Trp fluorescence:280,340
C	26955	28258	27649	27881	27765	28473	28145	25869	31300	24903	28212	30894	Trp fluorescence:280,340
D	27446	30286	25142	28927	30117	26356	28122	29644	29047	27603	27794	28770	Trp fluorescence:280,340
E	15091	13191	18985	16692	17182	16051	18522	16957	17892	17377	16703	16867	Trp fluorescence:280,340
F	13151	14191	17057	16081	17374	17026	15382	16293	16140	15582	17908	19777	Trp fluorescence:280,340
G	3721	3303	3673	3463	6235	3809	3730	3628	4710	3869	4066	4508	Trp fluorescence:280,340
H	3108	3484	3695	4450	3722	3898	3778	3963	4103	4244	4489	4309	Trp fluorescence:280,340

Trp fluorescence:280,340[2]
	1	2	3	4	5	6	7	8	9	10	11	12
A	14184	15199	13784	16115	14281	13781	13827	14025	13893	14190	14483	14926	Trp fluorescence:280,340[2]
B	14008	17827	13159	13174	13548	12980	13098	14845	14122	13524	14615	15275	Trp fluorescence:280,340[2]
C	38946	39857	39020	38876	39621	38949	39116	38148	41914	35653	44999	43429	Trp fluorescence:280,340[2]
D	40333	41455	36962	39344	40381	37911	39043	40197	40134	38905	39632	41109	Trp fluorescence:280,340[2]
E	25100	24546	27238	25932	26670	25588	27805	26479	28695	27465	27279	27765	Trp fluorescence:280,340[2]
F	22858	24080	26381	25277	34709	29085	24969	32200	25827	26122	28542	30654	Trp fluorescence:280,340[2]
G	16968	12557	17824	12106	24224	15619	12065	12439	15212	12895	13504	14678	Trp fluorescence:280,340[2]
H	13260	13006	12963	18249	12977	13568	13230	13045	13123	14074	14387	14563	Trp fluorescence:280,340[2]

excite 280 top:280,440
	1	2	3	4	5	6	7	8	9	10	11	12
A	2932	2893	2794	4294	3354	3084	2850	2813	3120	2808	2905	2989	excite 280 top:280,440
B	3328	2806	2783	2726	2751	2705	2782	2780	3049	2780	2939	3185	excite 280 top:280,440
C	3516	3379	3231	3408	3741	3434	3255	3337	3496	3377	3398	3483	excite 280 top:280,440
D	3808	3384	3151	3376	3358	3296	3598	3468	3437	3467	3486	4153	excite 280 top:280,440
E	17157	13299	14413	12455	12605	11477	11918	10564	10280	9729	9180	8177	excite 280 top:280,440
F	15847	13719	13567	12593	13498	16028	10880	12272	9839	8991	8603	8288	excite 280 top:280,440
G	17102	6666	7038	4601	4568	3985	3333	3118	3683	2985	2890	3214	excite 280 top:280,440
H	10204	6921	5283	4717	4063	4414	4442	3146	3087	3021	2975	3461	excite 280 top:280,440

excite 280 top:280,460
	1	2	3	4	5	6	7	8	9	10	11	12
A	1915	1859	1747	2713	2028	2060	1884	1890	2014	1943	1959	1945	excite 280 top:280,460
B	2100	1802	1857	1760	1865	1787	1785	1922	1938	1855	1873	2079	excite 280 top:280,460
C	1982	1973	1988	1852	2140	2069	1892	1970	1967	1912	2059	1981	excite 280 top:280,460
D	2228	1913	1845	1932	1919	1886	2130	1907	2011	1925	1958	2374	excite 280 top:280,460
E	20258	15594	17699	15057	15288	13881	15002	13034	12580	11705	10634	9143	excite 280 top:280,460
F	17987	15939	16539	15012	15505	16503	13103	13418	11830	10795	10106	9297	excite 280 top:280,460
G	13051	6273	5456	3906	3703	3158	2301	2268	2573	2081	1967	2124	excite 280 top:280,460
H	9571	6070	4649	3844	3271	3160	3097	2247	2038	2098	2094	2335	excite 280 top:280,460

excite 280 top:280,480
	1	2	3	4	5	6	7	8	9	10	11	12
A	2072	2075	1963	2792	2175	2185	2107	2044	2206	2113	2163	2137	excite 280 top:280,480
B	2156	1967	1909	1916	2000	2036	1939	1977	2033	2039	1995	2226	excite 280 top:280,480
C	2114	1982	1950	1973	2176	2108	1992	1967	1991	1999	2078	2049	excite 280 top:280,480
D	2254	1958	1885	2003	2018	1985	2127	2013	1983	1992	2048	2251	excite 280 top:280,480
E	27658	21391	25377	21562	22049	20328	21127	18867	17828	16516	15272	13062	excite 280 top:280,480
F	24672	22504	23535	21365	21559	21619	18879	18144	16866	15282	14399	12875	excite 280 top:280,480
G	14873	7855	6489	4798	4382	3790	2718	2616	2855	2347	2162	2374	excite 280 top:280,480
H	11889	7714	5659	4784	3943	3600	3359	2606	2354	2315	2272	2545	excite 280 top:280,480

excite 280 bottom:280,440
	1	2	3	4	5	6	7	8	9	10	11	12
A	7769	8170	7769	26827	8049	8048	7968	7879	7745	7925	8089	8327	excite 280 bottom:280,440
B	8252	7830	7620	7579	7990	7797	7572	7758	14659	7726	8045	8104	excite 280 bottom:280,440
C	8751	8520	8100	8406	8669	8662	8547	8427	8604	8582	9038	8912	excite 280 bottom:280,440
D	8714	8330	8274	8366	8536	8267	8404	8424	8473	8420	8651	11373	excite 280 bottom:280,440
E	36568	28649	27694	23708	22639	20925	19894	17930	17042	16302	16212	14705	excite 280 bottom:280,440
F	35075	28855	26670	23959	31335	37263	18686	63479	16620	15695	15279	14540	excite 280 bottom:280,440
G	54906	20184	20403	14287	14979	13955	9721	9140	9952	8159	8290	8686	excite 280 bottom:280,440
H	26767	19708	16508	15515	12694	11601	20873	9160	8646	8543	8488	9144	excite 280 bottom:280,440

excite 280 bottom:280,460
	1	2	3	4	5	6	7	8	9	10	11	12
A	5253	5461	5140	15475	5396	5372	5348	5226	5178	5394	5321	5500	excite 280 bottom:280,460
B	5437	5262	5127	5086	5146	5102	5129	5139	8547	5144	5260	5514	excite 280 bottom:280,460
C	5408	5446	5195	5393	5557	5585	5439	5356	5485	5270	5841	5698	excite 280 bottom:280,460
D	5369	5356	5263	5358	5500	5393	5359	5181	5451	5268	5589	7110	excite 280 bottom:280,460
E	38805	30517	29862	25528	24713	22176	21765	19286	18402	16988	16599	14400	excite 280 bottom:280,460
F	36571	30349	28643	25061	28159	30298	19992	39577	17569	16320	15175	14518	excite 280 bottom:280,460
G	38120	18397	16416	12017	11733	10884	7256	6638	6998	5779	5787	5942	excite 280 bottom:280,460
H	24708	17654	14076	12146	10155	9058	12973	6733	5920	5970	5835	6040	excite 280 bottom:280,460

excite 280 bottom:280,480
	1	2	3	4	5	6	7	8	9	10	11	12
A	5712	5988	5543	14077	5913	5796	5766	5562	5630	5703	5735	5934	excite 280 bottom:280,480
B	5779	5599	5530	5432	5587	5459	5512	5533	8015	5525	5633	6007	excite 280 bottom:280,480
C	5839	5471	5349	5721	5758	5837	5632	5532	5681	5599	6216	5865	excite 280 bottom:280,480
D	5647	5667	5488	5600	5762	5602	5583	5647	5595	5581	5872	7039	excite 280 bottom:280,480
E	51323	40999	41247	34735	33662	30201	29755	26416	25195	23065	22347	19260	excite 280 bottom:280,480
F	48287	40726	38553	34048	36183	36571	27404	39898	23890	22375	21096	19370	excite 280 bottom:280,480
G	41678	22388	19235	14576	14028	12603	8523	7902	7584	6462	6275	6629	excite 280 bottom:280,480
H	30751	22026	17200	14555	12314	10734	12743	7587	6783	6583	6401	6611	excite 280 bottom:280,480

excite 350 top:350,440
	1	2	3	4	5	6	7	8	9	10	11	12
A	4028	3975	3854	9033	4899	4295	4027	4041	4640	4014	4016	4346	excite 350 top:350,440
B	5537	3853	3925	3919	4086	3949	3756	4435	4564	3992	4169	4799	excite 350 top:350,440
C	3992	3719	3762	3784	5535	4489	3850	3948	4115	3882	4043	4062	excite 350 top:350,440
D	5134	3831	3633	3771	3911	3678	3967	3805	3719	3865	3948	6747	excite 350 top:350,440
E	8677	6589	6993	6277	6048	6009	5711	5475	5485	5285	5292	4913	excite 350 top:350,440
F	8352	6956	6566	7294	15800	20670	6021	10724	5442	5119	5049	5197	excite 350 top:350,440
G	36918	5572	12215	4785	6191	5061	4140	4489	5409	4276	4030	4557	excite 350 top:350,440
H	7638	5878	5019	5112	4665	4472	7495	4091	4174	4280	4127	5884	excite 350 top:350,440

excite 350 top:350,460
	1	2	3	4	5	6	7	8	9	10	11	12
A	2659	2521	2379	5228	2922	2690	2576	2483	2864	2526	2612	2662	excite 350 top:350,460
B	3247	2409	2417	2369	2580	2459	2473	2641	2840	2599	2691	3109	excite 350 top:350,460
C	2512	2276	2228	2381	3243	2654	2298	2412	2497	2447	2544	2504	excite 350 top:350,460
D	3072	2446	2278	2409	2499	2250	2531	2427	2341	2427	2559	3877	excite 350 top:350,460
E	7979	6095	6434	5659	5481	5366	5232	4796	4585	4402	4191	3990	excite 350 top:350,460
F	7442	6325	6041	6283	10199	12607	5047	7227	4600	4246	4077	4153	excite 350 top:350,460
G	20501	4307	7256	3498	4263	3446	2843	2870	3517	2696	2610	2811	excite 350 top:350,460
H	6076	4346	3742	3528	3240	3051	4453	2710	2800	2655	2644	3472	excite 350 top:350,460

excite 350 top:350,480
	1	2	3	4	5	6	7	8	9	10	11	12
A	2611	2648	2474	4821	2811	2610	2529	2502	2808	2603	2584	2737	excite 350 top:350,480
B	3154	2432	2383	2375	2582	2657	2392	2634	2822	2587	2677	3030	excite 350 top:350,480
C	2543	2298	2351	2344	3131	2588	2396	2370	2451	2449	2523	2471	excite 350 top:350,480
D	2870	2358	2180	2399	2418	2348	2429	2498	2359	2371	2469	3553	excite 350 top:350,480
E	10122	7683	8037	7060	6992	6544	6734	5984	5670	5502	5178	4910	excite 350 top:350,480
F	9160	7829	7485	7584	10647	12088	6032	7322	5462	5098	4936	4997	excite 350 top:350,480
G	18510	5040	6898	3753	4527	3708	2925	3159	3576	2691	2748	2896	excite 350 top:350,480
H	6724	4943	4285	4029	3576	3233	4349	2814	2802	2815	2651	3425	excite 350 top:350,480

excite 350 bottom:350,440
	1	2	3	4	5	6	7	8	9	10	11	12
A	8838	9338	8840	39813	9667	9092	8909	8916	9089	8881	9194	9664	excite 350 bottom:350,440
B	10374	8751	8609	8822	9133	8966	8765	9216	16873	8980	9051	9729	excite 350 bottom:350,440
C	9529	8988	8844	9070	9525	9381	8968	9056	9139	9096	9896	9479	excite 350 bottom:350,440
D	9532	9051	8946	8999	9122	9078	9048	9109	9085	8880	9277	16441	excite 350 bottom:350,440
E	17438	14409	13925	13000	12883	12342	11710	11291	11284	11350	11697	10770	excite 350 bottom:350,440
F	16776	14947	13780	14258	49636	42638	11625	67642	11195	10958	10940	10990	excite 350 bottom:350,440
G	73004	12626	20346	10954	14407	12299	9508	9746	10626	9270	9393	9727	excite 350 bottom:350,440
H	15157	12561	11576	11384	10653	10419	25460	9549	9342	9509	9274	10629	excite 350 bottom:350,440

excite 350 bottom:350,460
	1	2	3	4	5	6	7	8	9	10	11	12
A	5517	6057	5479	19680	5797	5610	5466	5684	5735	5556	5707	5949	excite 350 bottom:350,460
B	6136	5405	5396	5493	5696	5549	5484	5535	9532	5635	5678	5979	excite 350 bottom:350,460
C	5490	5546	5255	5595	6055	5747	5626	5568	5713	5667	6175	5914	excite 350 bottom:350,460
D	5848	5459	5361	5601	5736	5409	5498	5509	5538	5551	5700	9167	excite 350 bottom:350,460
E	15065	12102	11906	10639	10266	9690	9481	8864	8395	8347	8674	7878	excite 350 bottom:350,460
F	14508	12304	11473	11411	27595	24749	9254	34121	8401	8248	7803	7948	excite 350 bottom:350,460
G	40136	9520	12792	7545	9390	8052	6262	6366	6588	5825	5814	6103	excite 350 bottom:350,460
H	11543	9472	8246	7591	7237	6989	14350	6184	6013	6009	5747	6619	excite 350 bottom:350,460

excite 350 bottom:350,480
	1	2	3	4	5	6	7	8	9	10	11	12
A	5458	5738	5277	16078	5607	5489	5363	5388	5366	5381	5496	5706	excite 350 bottom:350,480
B	5731	5436	5129	5148	5452	5400	5355	5423	8044	5333	5355	5771	excite 350 bottom:350,480
C	5511	5331	5217	5504	5922	5529	5370	5250	5493	5574	5917	5699	excite 350 bottom:350,480
D	5553	5301	5206	5293	5469	5303	5366	5412	5377	5470	5532	8383	excite 350 bottom:350,480
E	18290	14484	14602	12674	12329	11368	11173	10270	9886	9753	9531	8473	excite 350 bottom:350,480
F	17526	14769	13718	13077	25324	22963	10655	26951	9669	9217	8929	8809	excite 350 bottom:350,480
G	34821	10413	12421	8084	9857	8235	6154	6344	6599	5809	5660	6001	excite 350 bottom:350,480
H	13627	10473	9015	8197	7530	6988	12418	6175	5981	5854	5770	6132	excite 350 bottom:350,480

