Procedure Summary

Plate Type	Corning 3596 96 well flat bottom
Read	Read:  Trp fluorescence quenching (F) 280,340
Read	Read:  Excite 280 read inhibitor fluorescence (F) 280,440, 280,460, 280,480
Read	Read:  Excite 350 read inhibitor fluorescence (F) 350,440, 350,460, 350,480

Trp fluorescence quenching:280,340
	1	2	3	4	5	6	7	8	9	10	11	12
A	10018	37928	40459	46765	11203	18496	22632	24217	10937	12214	13471	11536	Trp fluorescence quenching:280,340
B	10861	39890	42977	46927	11037	19149	23686	26283	21263	13727	14629	15768	Trp fluorescence quenching:280,340
C	10258	22819	42188	46272	11688	13544	22929	25434	11035	11508	14756	16090	Trp fluorescence quenching:280,340
D	8221	18016	28046	42781	8192	11052	15321	21735	8204	9112	10682	12834	Trp fluorescence quenching:280,340
E	7061	18409	23999	38064	7127	10056	12905	19559	7010	7985	9614	11437	Trp fluorescence quenching:280,340
F	10857	35722	41823	47730	11841	18024	22662	25747	11218	12786	16028	16870	Trp fluorescence quenching:280,340
G	10559	34693	34612	45887	11246	17634	21201	25667	10912	13007	15030	16495	Trp fluorescence quenching:280,340
H	4245	13858	27571	32876	4491	7561	13087	15398	4923	5739	7425	8918	Trp fluorescence quenching:280,340

Excite 280 read inhibitor fluorescence:280,440
	1	2	3	4	5	6	7	8	9	10	11	12
A	443	1504	1397	1309	490	836	874	799	526	599	722	499	Excite 280 read inhibitor fluorescence:280,440
B	548	1536	1521	1425	636	930	1040	945	1333	712	837	709	Excite 280 read inhibitor fluorescence:280,440
C	69734	80126	64644	61746	68186	62334	72747	65094	66168	71370	64103	69835	Excite 280 read inhibitor fluorescence:280,440
D	2175	15330	5213	4065	2900	6834	5388	3569	3482	4593	3921	3455	Excite 280 read inhibitor fluorescence:280,440
E	1214	10593	6763	1772	1028	3309	3268	1390	1245	1547	2309	1559	Excite 280 read inhibitor fluorescence:280,440
F	875	7392	3713	1751	987	2870	2307	1523	1199	1816	1763	1318	Excite 280 read inhibitor fluorescence:280,440
G	1788	6509	23007	2762	2615	3596	10228	2880	2619	2405	4839	2015	Excite 280 read inhibitor fluorescence:280,440
H	405	1617	1230	1067	420	797	748	712	470	599	632	518	Excite 280 read inhibitor fluorescence:280,440

Excite 280 read inhibitor fluorescence:280,460
	1	2	3	4	5	6	7	8	9	10	11	12
A	205	549	513	493	241	363	363	328	254	306	349	233	Excite 280 read inhibitor fluorescence:280,460
B	306	594	553	596	325	431	473	443	675	348	448	371	Excite 280 read inhibitor fluorescence:280,460
C	17569	20337	16396	15632	17316	15557	18379	16327	16676	17922	15956	17725	Excite 280 read inhibitor fluorescence:280,460
D	1957	21183	6982	3063	2511	8220	4545	2914	3067	4641	3676	2973	Excite 280 read inhibitor fluorescence:280,460
E	720	6370	3669	835	645	1971	1847	756	715	929	1298	896	Excite 280 read inhibitor fluorescence:280,460
F	524	5365	1986	806	546	1999	1276	781	700	1178	994	694	Excite 280 read inhibitor fluorescence:280,460
G	1018	4254	13643	1416	1581	2221	6033	1558	1531	1442	2901	1129	Excite 280 read inhibitor fluorescence:280,460
H	252	1111	562	461	298	550	387	345	270	354	376	300	Excite 280 read inhibitor fluorescence:280,460

Excite 280 read inhibitor fluorescence:280,480
	1	2	3	4	5	6	7	8	9	10	11	12
A	203	414	363	383	223	305	287	285	241	258	292	204	Excite 280 read inhibitor fluorescence:280,480
B	285	509	459	487	305	405	408	367	554	329	396	340	Excite 280 read inhibitor fluorescence:280,480
C	7262	8104	6812	6562	7139	6399	7501	6660	6829	7406	6520	7303	Excite 280 read inhibitor fluorescence:280,480
D	2164	30972	11589	3315	2810	11354	6483	3268	3535	5815	4749	3398	Excite 280 read inhibitor fluorescence:280,480
E	692	5969	3297	789	663	1931	1719	732	761	964	1300	905	Excite 280 read inhibitor fluorescence:280,480
F	488	5807	1743	676	510	2076	1215	739	683	1176	924	719	Excite 280 read inhibitor fluorescence:280,480
G	951	4461	12250	1267	1457	2147	5386	1465	1522	1362	2626	1088	Excite 280 read inhibitor fluorescence:280,480
H	273	1186	509	408	310	583	368	326	295	401	394	299	Excite 280 read inhibitor fluorescence:280,480

Excite 350 read inhibitor fluorescence:350,440
	1	2	3	4	5	6	7	8	9	10	11	12
A	497	608	635	654	553	846	569	541	561	546	783	440	Excite 350 read inhibitor fluorescence:350,440
B	583	639	617	697	594	662	742	638	1358	619	756	609	Excite 350 read inhibitor fluorescence:350,440
C	23187	23111	20909	20499	22567	19219	23717	20930	21348	22949	20570	23099	Excite 350 read inhibitor fluorescence:350,440
D	2761	7268	4437	5472	4613	6036	4554	4539	4657	5173	4345	3864	Excite 350 read inhibitor fluorescence:350,440
E	1097	3247	1985	1030	985	1518	1481	1043	1160	1158	1511	1322	Excite 350 read inhibitor fluorescence:350,440
F	1278	3693	2124	1382	1278	1980	2114	1647	1718	2088	2003	1678	Excite 350 read inhibitor fluorescence:350,440
G	2445	4175	9469	2667	3595	3622	5721	3563	3645	2896	3465	2509	Excite 350 read inhibitor fluorescence:350,440
H	521	708	564	646	561	596	606	555	557	552	639	536	Excite 350 read inhibitor fluorescence:350,440

Excite 350 read inhibitor fluorescence:350,460
	1	2	3	4	5	6	7	8	9	10	11	12
A	284	334	333	345	296	475	281	299	311	312	431	263	Excite 350 read inhibitor fluorescence:350,460
B	302	381	350	407	356	374	428	334	623	372	426	341	Excite 350 read inhibitor fluorescence:350,460
C	5904	5934	5318	5367	5796	4967	6131	5341	5509	5940	5314	5935	Excite 350 read inhibitor fluorescence:350,460
D	2255	7301	4530	4592	3912	5712	4629	3860	3857	4619	3692	3259	Excite 350 read inhibitor fluorescence:350,460
E	676	1995	1186	644	587	950	941	682	729	698	934	803	Excite 350 read inhibitor fluorescence:350,460
F	770	2723	1285	810	774	1337	1327	1030	1056	1314	1266	1040	Excite 350 read inhibitor fluorescence:350,460
G	1481	2718	5710	1623	2195	2258	3452	2113	2216	1736	2084	1513	Excite 350 read inhibitor fluorescence:350,460
H	275	435	328	370	310	323	337	338	308	311	384	288	Excite 350 read inhibitor fluorescence:350,460

Excite 350 read inhibitor fluorescence:350,480
	1	2	3	4	5	6	7	8	9	10	11	12
A	250	311	296	334	234	395	285	247	260	257	353	230	Excite 350 read inhibitor fluorescence:350,480
B	308	332	342	371	326	372	382	322	371	308	414	324	Excite 350 read inhibitor fluorescence:350,480
C	2541	2520	2316	2371	2467	2138	2651	2333	2330	2555	2269	2524	Excite 350 read inhibitor fluorescence:350,480
D	2501	9941	6249	5117	4341	6858	5293	4369	4375	5269	4144	3703	Excite 350 read inhibitor fluorescence:350,480
E	681	1966	1185	654	588	957	890	664	703	726	919	844	Excite 350 read inhibitor fluorescence:350,480
F	775	2870	1234	792	754	1412	1295	1040	1075	1357	1248	1018	Excite 350 read inhibitor fluorescence:350,480
G	1350	2779	5267	1623	2165	2200	3114	2027	2165	1670	2000	1460	Excite 350 read inhibitor fluorescence:350,480
H	273	424	275	327	308	319	298	280	281	281	315	259	Excite 350 read inhibitor fluorescence:350,480

Data Audit Trail

Date	User	Event	Comment
5/14/2012 6:32:04 PM	User	Protocol "C:\Program Files (x86)\BioTek\Gen5 1.10\Protocols\John Chodera\Quinazoline inhibitor fluorescence reads quick fixed sensitivity.prt" (5/11/2012 11:40:53 AM) selected	
5/14/2012 6:35:20 PM	User	Plate read started	
5/14/2012 6:40:17 PM	User	Plate read successfully completed	

Calculation Warnings

Error/Warning messages
No event recorded

Field Group

			
			
			

