Procedure Summary

Plate Type	Corning 3596 96 well flat bottom
Read	Read:  Trp fluorescence quenching (F) 280,340
Read	Read:  Excite 280 read inhibitor fluorescence (F) 280,440, 280,460, 280,480
Read	Read:  Excite 350 read inhibitor fluorescence (F) 350,440, 350,460, 350,480

Trp fluorescence quenching:280,340
	1	2	3	4	5	6	7	8	9	10	11	12
A	10212	38308	41202	47253	11387	18788	23031	24722	11114	12456	13617	11608	Trp fluorescence quenching:280,340
B	10944	39098	43796	48142	11251	19602	24323	26895	16740	13818	14885	16047	Trp fluorescence quenching:280,340
C	10469	22901	42686	47506	11992	13717	23546	26160	11307	11801	15001	16262	Trp fluorescence quenching:280,340
D	8319	18250	28418	44111	8378	11332	15508	22286	8363	9272	10983	12795	Trp fluorescence quenching:280,340
E	7058	18508	24287	38831	7304	10042	12999	19933	7098	8050	9767	11621	Trp fluorescence quenching:280,340
F	11128	35936	42467	48666	12087	18393	23161	26338	11443	13030	16474	17444	Trp fluorescence quenching:280,340
G	10668	35214	35174	47157	11480	18037	21524	26100	11137	13252	15715	16711	Trp fluorescence quenching:280,340
H	4340	13966	27698	33173	4548	7604	13318	15554	4999	5821	7501	8998	Trp fluorescence quenching:280,340

Excite 280 read inhibitor fluorescence:280,440
	1	2	3	4	5	6	7	8	9	10	11	12
A	261	842	782	741	272	464	503	457	297	325	404	288	Excite 280 read inhibitor fluorescence:280,440
B	306	875	866	819	376	538	599	533	673	413	470	404	Excite 280 read inhibitor fluorescence:280,440
C	40754	46418	37584	35779	39870	36176	42280	37871	38648	41347	37328	40688	Excite 280 read inhibitor fluorescence:280,440
D	1267	9065	2980	2258	1657	3907	3320	1970	1950	2568	2169	1944	Excite 280 read inhibitor fluorescence:280,440
E	647	6066	3930	988	550	1884	1881	775	669	864	1264	876	Excite 280 read inhibitor fluorescence:280,440
F	527	4340	2133	974	529	1680	1315	823	647	1018	973	733	Excite 280 read inhibitor fluorescence:280,440
G	990	3751	13336	1537	1410	1956	5843	1552	1434	1335	2848	1091	Excite 280 read inhibitor fluorescence:280,440
H	240	926	711	615	263	465	430	392	254	336	369	290	Excite 280 read inhibitor fluorescence:280,440

Excite 280 read inhibitor fluorescence:280,460
	1	2	3	4	5	6	7	8	9	10	11	12
A	499	1258	1183	1155	565	767	805	745	579	655	785	534	Excite 280 read inhibitor fluorescence:280,460
B	686	1401	1378	1348	767	1000	1055	949	1433	845	935	847	Excite 280 read inhibitor fluorescence:280,460
C	40076	46118	37143	35560	39509	35599	41527	37325	38210	40787	36812	40209	Excite 280 read inhibitor fluorescence:280,460
D	4174	47576	15812	6643	5443	18423	10853	6315	6737	10206	8133	6636	Excite 280 read inhibitor fluorescence:280,460
E	1569	14351	8338	1874	1384	4493	4168	1642	1582	2096	2927	1959	Excite 280 read inhibitor fluorescence:280,460
F	1178	12415	4413	1719	1178	4479	2814	1695	1534	2543	2178	1558	Excite 280 read inhibitor fluorescence:280,460
G	2250	9682	30758	2948	3226	4749	13493	3359	3239	2997	6481	2445	Excite 280 read inhibitor fluorescence:280,460
H	517	2437	1290	1071	627	1208	819	780	643	839	812	660	Excite 280 read inhibitor fluorescence:280,460

Excite 280 read inhibitor fluorescence:280,480
	1	2	3	4	5	6	7	8	9	10	11	12
A	334	664	579	605	352	460	432	410	373	401	463	324	Excite 280 read inhibitor fluorescence:280,480
B	430	783	706	766	523	625	634	592	858	543	577	523	Excite 280 read inhibitor fluorescence:280,480
C	11619	13044	10865	10467	11454	10153	12014	10786	10857	11701	10424	11548	Excite 280 read inhibitor fluorescence:280,480
D	3574	49092	18295	5018	4326	17868	9860	4911	5333	9158	7252	5319	Excite 280 read inhibitor fluorescence:280,480
E	1164	9322	5225	1188	1002	3258	2664	1143	1157	1484	1950	1361	Excite 280 read inhibitor fluorescence:280,480
F	780	9254	2731	1011	800	3341	1793	1074	1007	1804	1459	1037	Excite 280 read inhibitor fluorescence:280,480
G	1410	6869	19422	1839	2163	3305	8517	2199	2237	2130	4185	1650	Excite 280 read inhibitor fluorescence:280,480
H	397	1879	761	642	451	903	577	506	435	610	588	456	Excite 280 read inhibitor fluorescence:280,480

Excite 350 read inhibitor fluorescence:350,440
	1	2	3	4	5	6	7	8	9	10	11	12
A	1105	1346	1267	1353	1168	1306	1224	1150	1232	1170	1648	993	Excite 350 read inhibitor fluorescence:350,440
B	1196	1334	1299	1525	1306	1404	1607	1270	2782	1288	1533	1249	Excite 350 read inhibitor fluorescence:350,440
C	48864	48384	43916	43078	47851	40659	50244	44413	45513	48247	43905	48868	Excite 350 read inhibitor fluorescence:350,440
D	6029	14167	9392	11625	9993	12871	9998	9795	9933	11109	9201	8133	Excite 350 read inhibitor fluorescence:350,440
E	2318	6721	4131	2196	1979	3174	3053	2146	2281	2312	3112	2715	Excite 350 read inhibitor fluorescence:350,440
F	2664	7813	4409	2758	2630	4173	4249	3396	3439	4270	4126	3407	Excite 350 read inhibitor fluorescence:350,440
G	5288	8596	19898	5411	7161	7296	11933	7190	7252	5874	7149	5134	Excite 350 read inhibitor fluorescence:350,440
H	1122	1506	1171	1317	1210	1247	1334	1199	1202	1164	1372	1134	Excite 350 read inhibitor fluorescence:350,440

Excite 350 read inhibitor fluorescence:350,460
	1	2	3	4	5	6	7	8	9	10	11	12
A	1761	2145	2130	2268	1912	2194	1946	1881	1992	1914	2712	1637	Excite 350 read inhibitor fluorescence:350,460
B	2134	2373	2290	2690	2215	2317	2726	2221	4313	2213	2625	2216	Excite 350 read inhibitor fluorescence:350,460
C	38308	37928	34639	34396	37583	32165	39139	34847	35908	38054	34119	37896	Excite 350 read inhibitor fluorescence:350,460
D	14944	47171	29495	29701	25543	36759	35199	25199	25550	29759	23737	20955	Excite 350 read inhibitor fluorescence:350,460
E	4202	12964	7398	4126	3718	5895	5651	4044	4460	4401	5659	5078	Excite 350 read inhibitor fluorescence:350,460
F	4842	17435	8292	5139	4819	8568	8117	6444	6495	8225	7946	6420	Excite 350 read inhibitor fluorescence:350,460
G	8960	17231	36477	10205	13303	14106	21240	12865	13672	10913	12947	9476	Excite 350 read inhibitor fluorescence:350,460
H	1889	2700	2119	2290	2104	2200	2219	1968	2087	2039	2377	1873	Excite 350 read inhibitor fluorescence:350,460

Excite 350 read inhibitor fluorescence:350,480
	1	2	3	4	5	6	7	8	9	10	11	12
A	1089	1447	1326	1562	1169	1464	1315	1270	1339	1222	1767	1079	Excite 350 read inhibitor fluorescence:350,480
B	1385	1573	1518	1818	1564	1623	1798	1582	2758	1564	1797	1491	Excite 350 read inhibitor fluorescence:350,480
C	12144	11787	10985	10995	12015	10156	12575	11055	11398	11823	10736	12014	Excite 350 read inhibitor fluorescence:350,480
D	11913	47757	29364	24042	20466	32530	25229	20386	20727	24905	19674	17343	Excite 350 read inhibitor fluorescence:350,480
E	3542	9196	5405	3006	2683	4291	3928	3024	3162	3209	4221	3762	Excite 350 read inhibitor fluorescence:350,480
F	3522	13316	5743	3692	3330	6447	5877	4557	4716	6100	5542	4633	Excite 350 read inhibitor fluorescence:350,480
G	6008	12553	24220	6867	9286	10054	14248	9199	9490	7548	8987	6654	Excite 350 read inhibitor fluorescence:350,480
H	1148	1970	1329	1543	1428	1473	1395	1283	1315	1310	1487	1232	Excite 350 read inhibitor fluorescence:350,480

Data Audit Trail

Date	User	Event	Comment
5/14/2012 6:26:04 PM	User	Protocol "C:\Program Files (x86)\BioTek\Gen5 1.10\Protocols\John Chodera\Quinazoline inhibitor fluorescence reads quick.prt" (5/9/2012 4:44:20 PM) selected	
5/14/2012 6:27:06 PM	User	Plate read started	
5/14/2012 6:35:17 PM	User	Plate read successfully completed	

Calculation Warnings

Error/Warning messages
No event recorded

Field Group

			
			
			

