Procedure Summary

Plate Type	Corning 3596 96 well flat bottom
Read	Read:  Trp fluorescence quenching (F) 280,340
Read	Read:  Excite 280 read inhibitor fluorescence (F) 280,440, 280,460, 280,480
Read	Read:  Excite 350 read inhibitor fluorescence (F) 350,440, 350,460, 350,480

Trp fluorescence quenching:280,340
	1	2	3	4	5	6	7	8	9	10	11	12
A	41065	42142	42773	44377	43052	44420	44068	43086	44192	42117	43726	39054	Trp fluorescence quenching:280,340
B	41592	44106	45246	42221	43251	45552	45432	44305	41411	43326	42114	42347	Trp fluorescence quenching:280,340
C	43177	43496	43813	42708	43702	40746	44458	42843	41496	40899	40434	39275	Trp fluorescence quenching:280,340
D	43580	44871	42541	44147	41767	40754	41684	41544	41332	41814	41817	39681	Trp fluorescence quenching:280,340
E	43179	44335	42175	45248	42740	40794	41666	44211	42087	42391	42963	48985	Trp fluorescence quenching:280,340
F	41176	43387	41240	40776	42811	40545	44688	42347	42098	40335	42786	41437	Trp fluorescence quenching:280,340
G	41465	42155	41877	42730	50650	43770	44824	39956	41593	42258	42668	41682	Trp fluorescence quenching:280,340
H	41147	40217	41560	41034	39287	43209	43909	42493	43381	40731	39835	43442	Trp fluorescence quenching:280,340

Excite 280 read inhibitor fluorescence:280,440
	1	2	3	4	5	6	7	8	9	10	11	12
A	21139	21785	23469	21052	48145	23080	22795	25246	22283	23485	26711	22806	Excite 280 read inhibitor fluorescence:280,440
B	20696	22216	23296	25329	23524	25259	25099	65374	23790	24046	23978	23078	Excite 280 read inhibitor fluorescence:280,440
C	24971	21648	22457	22617	23541	24015	24973	41318	23767	24386	23492	22520	Excite 280 read inhibitor fluorescence:280,440
D	20673	21326	21271	23799	21201	22617	23223	27348	30171	27278	23424	23585	Excite 280 read inhibitor fluorescence:280,440
E	22922	22673	20829	39925	37296	22572	23049	39154	24678	26398	25121	28747	Excite 280 read inhibitor fluorescence:280,440
F	20345	22895	21747	22696	22762	22530	24130	23691	25002	24338	24368	23177	Excite 280 read inhibitor fluorescence:280,440
G	19610	41094	21949	23919	31626	22958	29492	26710	25410	23797	27411	25112	Excite 280 read inhibitor fluorescence:280,440
H	21070	21836	21395	21548	21612	27807	24922	23722	23310	22024	24565	22245	Excite 280 read inhibitor fluorescence:280,440

Excite 280 read inhibitor fluorescence:280,460
	1	2	3	4	5	6	7	8	9	10	11	12
A	34405	35957	42085	38154	84015	37360	39107	42100	37077	38613	39256	35392	Excite 280 read inhibitor fluorescence:280,460
B	37056	36717	40319	43353	37227	42874	41105	OVRFLW	39704	38877	38953	41821	Excite 280 read inhibitor fluorescence:280,460
C	33891	36581	36761	38224	38942	41219	40113	74926	41260	41798	41821	36451	Excite 280 read inhibitor fluorescence:280,460
D	34728	35464	36713	38668	38117	37436	38653	46525	50224	48352	36679	40226	Excite 280 read inhibitor fluorescence:280,460
E	39821	37019	38533	67999	67879	38861	37553	72570	44177	46321	40300	48264	Excite 280 read inhibitor fluorescence:280,460
F	33066	38995	37796	39163	36906	38552	40140	39511	40037	41488	39833	36976	Excite 280 read inhibitor fluorescence:280,460
G	31904	63392	36823	38246	49058	41263	49391	45870	41291	42082	44047	43202	Excite 280 read inhibitor fluorescence:280,460
H	36859	34899	35819	38326	37624	46085	37219	40505	40781	38774	40234	42230	Excite 280 read inhibitor fluorescence:280,460

Excite 280 read inhibitor fluorescence:280,480
	1	2	3	4	5	6	7	8	9	10	11	12
A	25662	27867	29400	29826	57168	31034	28782	31003	29685	30166	29280	29452	Excite 280 read inhibitor fluorescence:280,480
B	28033	28796	27615	33463	29719	32416	31245	70667	30126	30944	31580	31627	Excite 280 read inhibitor fluorescence:280,480
C	27720	26818	28264	28973	29967	28424	32045	54206	29951	28984	31724	27269	Excite 280 read inhibitor fluorescence:280,480
D	25624	27947	29697	29296	28051	27870	29130	36226	39084	35729	28172	31112	Excite 280 read inhibitor fluorescence:280,480
E	33498	28078	28926	47333	46775	28240	30162	54024	37791	34978	31712	36726	Excite 280 read inhibitor fluorescence:280,480
F	26077	29925	28191	30808	31623	29332	31724	28691	30903	30558	30148	28993	Excite 280 read inhibitor fluorescence:280,480
G	25227	58483	29940	28365	42242	31127	40389	35256	32993	31140	35086	36012	Excite 280 read inhibitor fluorescence:280,480
H	29072	29469	26490	27797	27100	36581	29808	30052	30805	28684	31438	29578	Excite 280 read inhibitor fluorescence:280,480

Excite 350 read inhibitor fluorescence:350,440
	1	2	3	4	5	6	7	8	9	10	11	12
A	6952	7068	8882	7638	31604	7392	7586	7894	7505	7186	10410	7154	Excite 350 read inhibitor fluorescence:350,440
B	7797	7208	7528	9263	7488	7666	8129	47212	7420	7404	7429	7273	Excite 350 read inhibitor fluorescence:350,440
C	7563	7266	7241	7525	7270	7239	7642	27674	7687	7812	7399	7222	Excite 350 read inhibitor fluorescence:350,440
D	7018	7451	7174	7629	7195	7598	7487	14327	11209	11178	7350	7096	Excite 350 read inhibitor fluorescence:350,440
E	9645	7395	7149	9495	32886	7131	7219	34110	8675	11848	8783	8537	Excite 350 read inhibitor fluorescence:350,440
F	7184	8055	7288	7424	7449	7337	7621	7238	7768	7663	7270	7187	Excite 350 read inhibitor fluorescence:350,440
G	6967	7408	7291	7696	9298	7635	9474	9404	7696	8071	11976	10552	Excite 350 read inhibitor fluorescence:350,440
H	9241	7172	6640	6755	7383	13861	7947	7270	7592	7373	7060	7181	Excite 350 read inhibitor fluorescence:350,440

Excite 350 read inhibitor fluorescence:350,460
	1	2	3	4	5	6	7	8	9	10	11	12
A	7621	7530	10057	8009	30327	8041	8454	8516	8351	7689	10856	7219	Excite 350 read inhibitor fluorescence:350,460
B	8604	7651	7967	9998	7662	8431	8369	51264	7808	7748	7993	8759	Excite 350 read inhibitor fluorescence:350,460
C	7661	7725	8348	8280	7621	7919	8485	32352	8173	8385	8022	7409	Excite 350 read inhibitor fluorescence:350,460
D	7718	8091	7725	8137	7314	7660	7934	17881	12590	16264	7633	8004	Excite 350 read inhibitor fluorescence:350,460
E	10883	7813	7658	10798	32673	7383	7472	48887	9254	13361	9449	9331	Excite 350 read inhibitor fluorescence:350,460
F	7586	8975	7380	7610	7915	7434	8277	7797	8322	8393	7686	7581	Excite 350 read inhibitor fluorescence:350,460
G	7180	7626	7542	7741	10158	8328	10625	10194	8270	8598	13167	11175	Excite 350 read inhibitor fluorescence:350,460
H	9806	7847	6963	7392	8199	15064	8307	7966	7936	7764	8691	7623	Excite 350 read inhibitor fluorescence:350,460

Excite 350 read inhibitor fluorescence:350,480
	1	2	3	4	5	6	7	8	9	10	11	12
A	8685	8599	11381	9128	29251	9582	9342	9617	9837	9229	13737	8672	Excite 350 read inhibitor fluorescence:350,480
B	10003	9548	9729	11072	9399	10042	9795	56067	8862	9117	9584	10073	Excite 350 read inhibitor fluorescence:350,480
C	8543	8687	9493	9154	8813	8981	9170	32993	9358	9380	9174	8773	Excite 350 read inhibitor fluorescence:350,480
D	8681	9100	9074	9818	8969	9355	9956	19300	13329	35632	9120	9343	Excite 350 read inhibitor fluorescence:350,480
E	12198	9215	9016	12442	34804	8864	9025	47084	10483	14788	10966	10914	Excite 350 read inhibitor fluorescence:350,480
F	8928	10216	9115	8863	8956	8733	9484	9289	9745	9049	9475	8960	Excite 350 read inhibitor fluorescence:350,480
G	8090	10199	9323	9404	12178	9912	12043	11153	9707	10470	14238	13751	Excite 350 read inhibitor fluorescence:350,480
H	11333	9018	8704	8734	9044	15722	10305	9524	9536	8773	10345	9685	Excite 350 read inhibitor fluorescence:350,480

Data Audit Trail

Date	User	Event	Comment
5/14/2012 6:02:18 PM	User	Protocol "C:\Program Files (x86)\BioTek\Gen5 1.10\Protocols\John Chodera\Quinazoline inhibitor fluorescence reads quick.prt" (5/9/2012 4:44:20 PM) selected	
5/14/2012 6:03:14 PM	User	Plate read started	
5/14/2012 6:11:30 PM	User	Plate read successfully completed	

Calculation Warnings

Error/Warning messages
No event recorded

Field Group

			
			
			

