Procedure Summary

Plate Type	Costar 96 well half area
Shake	Shake: Medium for 3:00
Read	Read:  A280 (A) 280
Read	Read:  A350 (A) 350
Read	Read:  F280/350 100 (F) 280,350
Read	Read:  F280/350 125 (F) 280,350
Read	Read:  F280/480 125 top (F) 280,480
Read	Read:  F280/480 125 bottom (F) 280,480

A280:280
	1	2	3	4	5	6	7	8	9	10	11	12
A	0.051	0.181	0.095	0.053	0.053	0.053	0.606	0.056	0.052	0.053	0.053	0.053	A280:280
B	0.057	0.191	0.141	0.058	0.059	0.060	0.681	0.060	0.057	0.058	0.059	0.059	A280:280
C	0.057	0.193	0.145	0.059	0.060	0.059	0.621	0.061	0.057	0.058	0.059	0.058	A280:280
D	0.057	0.195	0.140	0.058	0.059	0.059	0.642	0.061	0.057	0.058	0.059	0.059	A280:280
E	0.050	0.177	0.124	0.051	0.052	0.052	0.510	0.055	0.051	0.052	0.052	0.052	A280:280
F	0.056	0.199	0.137	0.057	0.058	0.058	0.688	0.060	0.057	0.058	0.058	0.058	A280:280
G	0.056	0.182	0.144	0.058	0.059	0.060	0.635	0.060	0.057	0.061	0.058	0.058	A280:280
H	0.058	0.210	0.144	0.058	0.059	0.059	0.635	0.060	0.064	0.059	0.058	0.058	A280:280

A350:350
	1	2	3	4	5	6	7	8	9	10	11	12
A	0.033	0.071	0.047	0.033	0.033	0.033	0.195	0.034	0.033	0.033	0.033	0.034	A350:350
B	0.035	0.073	0.059	0.035	0.035	0.036	0.215	0.035	0.035	0.034	0.035	0.035	A350:350
C	0.035	0.074	0.061	0.036	0.036	0.035	0.199	0.037	0.035	0.035	0.035	0.035	A350:350
D	0.035	0.075	0.059	0.035	0.035	0.035	0.204	0.036	0.034	0.035	0.035	0.035	A350:350
E	0.032	0.071	0.055	0.032	0.033	0.033	0.169	0.034	0.033	0.033	0.033	0.033	A350:350
F	0.034	0.076	0.057	0.034	0.035	0.035	0.218	0.035	0.034	0.034	0.035	0.035	A350:350
G	0.035	0.071	0.063	0.035	0.035	0.036	0.204	0.035	0.035	0.038	0.035	0.036	A350:350
H	0.036	0.079	0.065	0.034	0.035	0.036	0.202	0.035	0.040	0.035	0.035	0.035	A350:350

F280/350 100:280,350
	1	2	3	4	5	6	7	8	9	10	11	12
A	727	559	608	716	720	710	347	705	717	702	745	794	F280/350 100:280,350
B	5254	5017	4810	5136	5250	5407	3913	5047	4934	4961	5260	5496	F280/350 100:280,350
C	4667	3004	2653	4446	3765	4795	2698	3360	4756	4372	4763	4634	F280/350 100:280,350
D	5509	4923	4877	5382	5668	5363	4687	5522	5664	5609	5765	5700	F280/350 100:280,350
E	684	546	551	644	600	636	353	655	653	676	699	751	F280/350 100:280,350
F	5590	4716	4946	5091	5046	5165	4131	5553	5323	5571	5275	5321	F280/350 100:280,350
G	4895	3171	3126	4702	4433	4891	1921	4753	4798	5199	4545	4952	F280/350 100:280,350
H	5679	5201	5517	5770	5827	6033	4809	5851	5898	6048	5992	5880	F280/350 100:280,350

F280/350 125:280,350
	1	2	3	4	5	6	7	8	9	10	11	12
A	4053	3191	3498	4114	4120	4127	2007	4029	4160	4120	4177	4583	F280/350 125:280,350
B	29647	28655	27587	29370	29629	30435	22545	28443	28223	28540	29953	31743	F280/350 125:280,350
C	26601	16863	15284	25471	21228	26979	14960	19368	26627	24034	27147	26696	F280/350 125:280,350
D	31533	28396	27988	30493	32473	30460	26755	31062	32615	31778	32589	32346	F280/350 125:280,350
E	3997	2996	3317	3747	3462	3643	2091	3690	3741	3890	3983	4255	F280/350 125:280,350
F	31486	26965	28211	28781	29121	29643	23673	31964	30442	31721	29889	30011	F280/350 125:280,350
G	27670	17904	17673	26598	25273	27934	10977	26863	27379	29702	25635	28431	F280/350 125:280,350
H	32538	29799	31272	32641	33532	34312	27523	33198	33382	34271	34068	33647	F280/350 125:280,350

F280/480 125 top:280,480
	1	2	3	4	5	6	7	8	9	10	11	12
A	1875	11709	9434	1945	1913	1858	26437	1849	1876	1890	1947	1900	F280/480 125 top:280,480
B	1909	11521	9488	1722	1853	1801	26763	1997	1896	1865	1848	1990	F280/480 125 top:280,480
C	1875	15292	14520	1773	1701	1722	29053	1631	1830	1793	1930	1952	F280/480 125 top:280,480
D	1820	11263	9301	1827	1866	1820	27054	1781	1790	1799	1884	1977	F280/480 125 top:280,480
E	1752	12364	11484	1740	1755	1745	23436	1701	1778	1788	1745	1812	F280/480 125 top:280,480
F	1899	11151	9491	1797	1860	1820	27541	1785	1846	1894	1795	1883	F280/480 125 top:280,480
G	1884	14332	12818	1855	1844	1856	28304	1833	1761	2268	1790	2384	F280/480 125 top:280,480
H	3152	11895	10282	1919	1937	2215	25702	1965	2257	2088	2029	2057	F280/480 125 top:280,480

F280/480 125 bottom:280,480
	1	2	3	4	5	6	7	8	9	10	11	12
A	5906	41891	32830	5776	5885	5941	OVRFLW	5926	5824	5957	6115	5961	F280/480 125 bottom:280,480
B	6178	42962	36122	5896	6217	6103	OVRFLW	6110	6065	6174	6131	6256	F280/480 125 bottom:280,480
C	6136	52338	49888	5950	6006	5986	OVRFLW	5971	5886	6114	6144	6274	F280/480 125 bottom:280,480
D	6062	43220	35726	6087	6024	6012	OVRFLW	5807	5946	5958	6089	6341	F280/480 125 bottom:280,480
E	5604	42214	38177	5357	5491	5395	OVRFLW	5281	5644	5591	5753	5788	F280/480 125 bottom:280,480
F	5943	42896	35283	5746	6096	5977	OVRFLW	5839	5982	5931	6053	6218	F280/480 125 bottom:280,480
G	6189	50087	46559	6134	6117	6269	OVRFLW	5952	6108	6306	6105	6970	F280/480 125 bottom:280,480
H	13812	43771	35752	6110	6080	7459	OVRFLW	6145	8085	6990	6257	6459	F280/480 125 bottom:280,480

