Procedure Summary

Plate Type	Corning 96 well flat bottom
Shake	Shake: Medium for 3:00
Read	Read:  F280/350 100 top (F) 280,350
Read	Read:  F280/350 110 top (F) 280,350
Read	Read:  F350/480 130 top (F) 350,480
Read	Read:  F280/480 115 top (F) 280,480
Read	Read:  F280/480 135 top (F) 280,480

F280/350 100 top:280,350
	1	2	3	4	5	6	7	8	9	10	11	12
A	9669	9949	9957	10236	10561	10264							F280/350 100 top:280,350
B	24202	22482	22710	23333	24350	23155							F280/350 100 top:280,350
C	23350	21421	23097	22843	22732	21777							F280/350 100 top:280,350
D	30914	27450	29384	29938	32619	30611							F280/350 100 top:280,350
E	10022	10097	10346	10428	10397	10119							F280/350 100 top:280,350
F	13343	13154	13063	13709	13368	13575							F280/350 100 top:280,350
G	13294	12795	12951	12956	13473	12535							F280/350 100 top:280,350
H	14167	14953	13784	14734	14114	14514							F280/350 100 top:280,350

F280/350 110 top:280,350
	1	2	3	4	5	6	7	8	9	10	11	12
A	20145	20764	20902	21503	22027	21683							F280/350 110 top:280,350
B	50285	47431	47924	48474	51507	48966							F280/350 110 top:280,350
C	48675	45092	48406	47877	47312	45655							F280/350 110 top:280,350
D	64146	58063	61627	63780	63389	63732							F280/350 110 top:280,350
E	20920	21150	21485	22004	21944	21200							F280/350 110 top:280,350
F	27844	27551	27267	28709	27989	28268							F280/350 110 top:280,350
G	27869	26471	27249	26884	28153	26534							F280/350 110 top:280,350
H	29766	28763	28811	31378	29832	31013							F280/350 110 top:280,350

F350/480 130 top:350,480
	1	2	3	4	5	6	7	8	9	10	11	12
A	1271	1275	1463	1289	1275	1221							F350/480 130 top:350,480
B	1380	1556	1235	1262	1305	1305							F350/480 130 top:350,480
C	1419	1415	1506	1284	1375	1267							F350/480 130 top:350,480
D	2942	2354	2935	1303	1154	1319							F350/480 130 top:350,480
E	1273	1328	1311	1339	1224	1261							F350/480 130 top:350,480
F	1332	1215	1297	1401	1274	1351							F350/480 130 top:350,480
G	1370	1207	1613	1266	1297	1213							F350/480 130 top:350,480
H	3189	3346	3345	1424	1263	1253							F350/480 130 top:350,480

F280/480 115 top:280,480
	1	2	3	4	5	6	7	8	9	10	11	12
A	483	510	484	458	477	483							F280/480 115 top:280,480
B	654	669	637	625	633	631							F280/480 115 top:280,480
C	934	962	966	708	736	685							F280/480 115 top:280,480
D	4194	3128	4121	733	679	708							F280/480 115 top:280,480
E	518	472	539	502	470	475							F280/480 115 top:280,480
F	537	562	551	531	543	509							F280/480 115 top:280,480
G	616	572	677	527	606	539							F280/480 115 top:280,480
H	4068	4539	4455	576	576	552							F280/480 115 top:280,480

F280/480 135 top:280,480
	1	2	3	4	5	6	7	8	9	10	11	12
A	1655	1838	1635	1679	1674	1659							F280/480 135 top:280,480
B	2200	2008	2112	2113	2260	2224							F280/480 135 top:280,480
C	3187	3261	3213	2407	2373	2342							F280/480 135 top:280,480
D	14596	10875	14489	2509	2293	2311							F280/480 135 top:280,480
E	1830	1785	2047	1715	1610	1600							F280/480 135 top:280,480
F	1977	1769	1841	1919	1710	1826							F280/480 135 top:280,480
G	2134	1932	2767	1885	1986	1845							F280/480 135 top:280,480
H	14226	15471	15199	2001	1903	1916							F280/480 135 top:280,480

