Procedure Summary

Plate Type	Costar 96 well half area
Shake	Shake: Medium for 3:00
Read	Read:  A280 (A) 280
Read	Read:  A350 (A) 350
Read	Read:  F280/350 100 bottom (F) 280,350
Read	Read:  F280/350 100 top (F) 280,350
Read	Read:  F280/350 125 top (F) 280,350
Read	Read:  F280/480 125 top (F) 280,480
Read	Read:  F280/480 135 top (F) 280,480
Read	Read:  F280/480 100 bottom (F) 280,480
Read	Read:  F280/480 125 bottom (F) 280,480
Read	Read:  F350/480 100 bottom (F) 350,480

A280:280
	1	2	3	4	5	6	7	8	9	10	11	12
A	0.051	0.218	0.132	0.100	0.053	0.053	0.707	0.364	0.052	0.053	0.052	0.053	A280:280
B	0.057	0.204	0.139	0.122	0.059	0.060	0.728	0.445	0.058	0.058	0.059	0.059	A280:280
C	0.057	0.204	0.138	0.109	0.059	0.060	0.709	0.524	0.057	0.059	0.059	0.059	A280:280
D	0.057	0.209	0.140	0.107	0.060	0.059	0.712	0.400	0.058	0.059	0.059	0.059	A280:280
E	0.050	0.214	0.133	0.100	0.052	0.052	0.683	0.417	0.051	0.052	0.052	0.052	A280:280
F	0.056	0.210	0.128	0.111	0.058	0.058	0.743	0.432	0.057	0.058	0.058	0.058	A280:280
G	0.056	0.198	0.138	0.108	0.059	0.060	0.695	0.400	0.058	0.061	0.058	0.058	A280:280
H	0.058	0.219	0.146	0.104	0.059	0.059	0.710	0.453	0.064	0.060	0.059	0.058	A280:280

A350:350
	1	2	3	4	5	6	7	8	9	10	11	12
A	0.033	0.083	0.058	0.048	0.034	0.034	0.230	0.125	0.034	0.034	0.034	0.034	A350:350
B	0.036	0.079	0.060	0.054	0.036	0.036	0.234	0.147	0.036	0.035	0.036	0.036	A350:350
C	0.036	0.079	0.059	0.051	0.037	0.036	0.227	0.172	0.036	0.036	0.036	0.037	A350:350
D	0.035	0.080	0.060	0.049	0.036	0.036	0.228	0.134	0.035	0.036	0.036	0.036	A350:350
E	0.033	0.083	0.057	0.047	0.034	0.033	0.221	0.141	0.033	0.033	0.034	0.034	A350:350
F	0.035	0.081	0.056	0.051	0.035	0.036	0.236	0.143	0.035	0.035	0.036	0.036	A350:350
G	0.035	0.078	0.062	0.051	0.036	0.037	0.223	0.135	0.036	0.039	0.036	0.037	A350:350
H	0.037	0.083	0.067	0.049	0.036	0.036	0.226	0.149	0.041	0.037	0.036	0.036	A350:350

F280/350 100 bottom:280,350
	1	2	3	4	5	6	7	8	9	10	11	12
A	2324	2130	2118	2121	2212	2250	1779	1874	2223	2295	2384	2413	F280/350 100 bottom:280,350
B	13411	10155	11099	11192	13346	13280	4827	6023	13041	13167	13417	13613	F280/350 100 bottom:280,350
C	12015	5679	6621	7820	10775	11676	2529	2973	12097	11624	12069	11759	F280/350 100 bottom:280,350
D	13515	10081	11109	11437	13411	13130	4694	6511	13436	13493	13635	13491	F280/350 100 bottom:280,350
E	2194	1943	1995	1874	1894	1981	1513	1601	1911	2185	2181	2242	F280/350 100 bottom:280,350
F	13665	9999	11429	11236	12794	13048	4743	6111	13373	13471	13176	13395	F280/350 100 bottom:280,350
G	12477	5850	6896	8429	11334	11689	2705	3837	11764	12120	11496	12224	F280/350 100 bottom:280,350
H	13825	10328	12745	11864	13545	13836	5049	6178	14250	14138	13843	13825	F280/350 100 bottom:280,350

F280/350 100 top:280,350
	1	2	3	4	5	6	7	8	9	10	11	12
A	694	511	586	572	694	651	284	406	656	684	719	774	F280/350 100 top:280,350
B	5090	4612	4474	4733	4982	5257	2988	4060	4787	4850	5105	5337	F280/350 100 top:280,350
C	4487	2328	2249	3343	3552	4497	1733	1451	4582	4046	4573	4515	F280/350 100 top:280,350
D	5279	4557	4578	5005	5367	5172	3695	4574	5454	5342	5497	5469	F280/350 100 top:280,350
E	674	499	546	570	608	586	289	393	614	682	650	697	F280/350 100 top:280,350
F	5241	4334	4650	4774	4824	5002	3174	4700	5108	5333	5036	5056	F280/350 100 top:280,350
G	4562	2444	2473	3702	4237	4674	1233	2695	4609	4771	4383	4848	F280/350 100 top:280,350
H	5462	4777	5227	5385	5538	5742	3817	4799	5658	5784	5685	5699	F280/350 100 top:280,350

F280/350 125 top:280,350
	1	2	3	4	5	6	7	8	9	10	11	12
A	3918	2935	3221	3445	3939	3894	1671	2408	3809	3945	4097	4366	F280/350 125 top:280,350
B	28491	26360	25446	27286	28431	29919	17203	22919	27050	27344	28869	29742	F280/350 125 top:280,350
C	25088	13170	12782	19171	20175	25471	9433	8314	25850	23208	25870	25142	F280/350 125 top:280,350
D	29953	26131	25854	28641	30719	29166	21118	25615	30947	30943	31124	31129	F280/350 125 top:280,350
E	3763	2816	3147	3088	3419	3273	1671	2166	3491	3795	3694	4092	F280/350 125 top:280,350
F	29900	24211	26337	26808	27609	28515	17933	26509	29304	30450	29055	29251	F280/350 125 top:280,350
G	25469	14230	14346	20913	24132	26438	6867	15089	26082	26737	24686	27154	F280/350 125 top:280,350
H	30813	27474	29497	30897	31656	32831	21776	27120	32222	32913	32422	32439	F280/350 125 top:280,350

F280/480 125 top:280,480
	1	2	3	4	5	6	7	8	9	10	11	12
A	1867	16018	12892	9418	1907	1923	36995	19581	1822	1938	1953	1917	F280/480 125 top:280,480
B	1929	12901	9865	8668	1743	1917	31031	21045	1832	1778	1858	1881	F280/480 125 top:280,480
C	1825	16942	14284	11525	1697	1776	30332	26028	1714	1763	1903	1915	F280/480 125 top:280,480
D	1854	12572	9844	8037	1833	1800	30226	20061	1745	1756	1886	1920	F280/480 125 top:280,480
E	1761	16051	12948	9697	1719	1692	36296	24696	1784	1773	1725	1821	F280/480 125 top:280,480
F	1801	12176	9210	8496	1829	1781	33040	20809	1803	1793	1859	1903	F280/480 125 top:280,480
G	1832	16593	13574	10543	1718	1724	29698	22647	1779	2214	1865	2296	F280/480 125 top:280,480
H	3172	12811	10575	7850	1901	2112	31067	20535	2317	2057	1994	1985	F280/480 125 top:280,480

F280/480 135 top:280,480
	1	2	3	4	5	6	7	8	9	10	11	12
A	3299	28839	23037	16892	3336	3337	67334	34734	3399	3409	3407	3518	F280/480 135 top:280,480
B	3380	23463	17838	15762	3368	3306	56515	37603	3252	3399	3335	3584	F280/480 135 top:280,480
C	3240	31085	25637	20313	3025	3193	55044	45723	3300	3100	3295	3440	F280/480 135 top:280,480
D	3347	22748	17841	14375	3341	3215	55205	36250	3265	3461	3431	3417	F280/480 135 top:280,480
E	3240	29068	23765	17453	3196	3099	65714	44698	3226	3228	3213	3331	F280/480 135 top:280,480
F	3247	21836	16784	15333	3122	3303	59808	38366	3265	3156	3421	3317	F280/480 135 top:280,480
G	3360	29935	24911	19272	3346	3410	54150	41252	3275	3978	3297	4243	F280/480 135 top:280,480
H	5543	23651	19352	13756	3654	3987	56604	37103	4009	3757	3495	3451	F280/480 135 top:280,480

F280/480 100 bottom:280,480
	1	2	3	4	5	6	7	8	9	10	11	12
A	1051	8025	6488	5756	1053	1042	19047	14410	1047	1037	1057	1061	F280/480 100 bottom:280,480
B	1088	7585	5886	5674	1091	1081	18950	14897	1062	1073	1103	1134	F280/480 100 bottom:280,480
C	1075	9685	8229	7198	1081	1074	19424	19007	1061	1076	1097	1108	F280/480 100 bottom:280,480
D	1063	7634	5998	5269	1074	1071	19079	13705	1041	1064	1090	1103	F280/480 100 bottom:280,480
E	1005	7988	7000	6013	972	983	18537	16150	993	1029	1038	1023	F280/480 100 bottom:280,480
F	1078	7418	5476	5534	1062	1084	19311	14882	1043	1080	1063	1101	F280/480 100 bottom:280,480
G	1085	9371	7993	6875	1071	1084	18253	15357	1074	1119	1100	1230	F280/480 100 bottom:280,480
H	2503	7540	6036	4933	1109	1309	18537	14729	1438	1235	1087	1139	F280/480 100 bottom:280,480

F280/480 125 bottom:280,480
	1	2	3	4	5	6	7	8	9	10	11	12
A	5845	44534	36728	32034	5877	5786	OVRFLW	81635	5805	5846	5878	5964	F280/480 125 bottom:280,480
B	6175	42782	32804	31940	6148	6055	OVRFLW	83332	5880	6213	6229	6304	F280/480 125 bottom:280,480
C	6179	54018	45878	40689	6048	6082	OVRFLW	OVRFLW	5752	5944	6153	6289	F280/480 125 bottom:280,480
D	6006	42471	33470	29308	5949	5951	OVRFLW	76723	5905	5931	5980	6255	F280/480 125 bottom:280,480
E	5693	44929	38591	34314	5523	5472	OVRFLW	89236	5664	5552	5694	5705	F280/480 125 bottom:280,480
F	5958	41840	30443	30964	6098	6003	OVRFLW	83004	5919	5837	6112	6005	F280/480 125 bottom:280,480
G	6177	52753	44696	38569	6194	6151	OVRFLW	85930	5921	6435	6207	6991	F280/480 125 bottom:280,480
H	14328	42707	34205	28062	6116	7350	OVRFLW	82626	7968	6832	6188	6425	F280/480 125 bottom:280,480

F350/480 100 bottom:350,480
	1	2	3	4	5	6	7	8	9	10	11	12
A	947	3216	2700	2288	980	907	7383	4823	967	928	979	973	F350/480 100 bottom:350,480
B	961	3117	2382	2272	973	950	7186	5034	957	973	984	975	F350/480 100 bottom:350,480
C	968	3441	2889	2620	973	939	7335	6476	915	956	944	952	F350/480 100 bottom:350,480
D	946	2916	2549	2159	1011	1000	7170	4604	954	967	978	963	F350/480 100 bottom:350,480
E	930	3488	3321	2424	921	925	7074	5420	959	911	949	954	F350/480 100 bottom:350,480
F	944	2918	2256	2217	970	989	7300	4968	994	988	997	984	F350/480 100 bottom:350,480
G	931	3349	2910	2565	965	962	6964	5191	962	1015	963	1133	F350/480 100 bottom:350,480
H	2543	3012	2728	2078	939	1171	6923	4941	1326	1073	974	995	F350/480 100 bottom:350,480

