Procedure Summary

Plate Type	Costar 96 well half area
Shake	Shake: Medium for 3:00
Read	Read:  F280/350 100 top (F) 280,350
Read	Read:  F280/350 125 top (F) 280,350
Read	Read:  F280/480 125 top (F) 280,480
Read	Read:  F280/480 135 top (F) 280,480

F280/350 100 top:280,350
	1	2	3	4	5	6	7	8	9	10	11	12
A	9746	10248	9960	10124	10005	10155	10807	31542	10633	10336	9966	10025	F280/350 100 top:280,350
B	24273	25095	24258	25791	25760	25467	25407	25030	25904	25770	25166	24894	F280/350 100 top:280,350
C	21887	22866	25281	24006	24126	24444	25732	24937	24818	24291	24993	24408	F280/350 100 top:280,350
D	19277	19824	26165	30232	32337	31664	31476	32142	32416	31130	31759	32608	F280/350 100 top:280,350
E	9606	10172	10137	10229	10047	10280	10276	10036	10258	9897	10433	10186	F280/350 100 top:280,350
F	13024	13142	13856	14209	13961	13804	13441	13833	13608	13836	13277	13601	F280/350 100 top:280,350
G	12232	13181	13037	14032	14230	14507	15152	13793	14186	13557	13914	13845	F280/350 100 top:280,350
H	11418	11912	12154	13303	13817	15170	15465	15264	15393	15032	14860	14744	F280/350 100 top:280,350

F280/350 125 top:280,350
	1	2	3	4	5	6	7	8	9	10	11	12
A	55781	58453	56746	57438	56491	57921	60922	OVRFLW	60381	59263	56881	57412	F280/350 125 top:280,350
B	OVRFLW	OVRFLW	OVRFLW	OVRFLW	OVRFLW	OVRFLW	OVRFLW	OVRFLW	OVRFLW	OVRFLW	OVRFLW	OVRFLW	F280/350 125 top:280,350
C	OVRFLW	OVRFLW	OVRFLW	OVRFLW	OVRFLW	OVRFLW	OVRFLW	OVRFLW	OVRFLW	OVRFLW	OVRFLW	OVRFLW	F280/350 125 top:280,350
D	OVRFLW	OVRFLW	OVRFLW	OVRFLW	OVRFLW	OVRFLW	OVRFLW	OVRFLW	OVRFLW	OVRFLW	OVRFLW	OVRFLW	F280/350 125 top:280,350
E	54529	58436	57676	58265	57283	58135	58702	57311	58515	57311	59801	58935	F280/350 125 top:280,350
F	73415	75274	78981	80705	79590	79029	76176	78479	78096	79006	75662	76755	F280/350 125 top:280,350
G	70212	74571	74348	79235	80754	82903	86360	77919	80569	77820	79473	78902	F280/350 125 top:280,350
H	65400	77880	69626	74721	78859	86418	87279	86647	92748	85482	83974	85132	F280/350 125 top:280,350

F280/480 125 top:280,480
	1	2	3	4	5	6	7	8	9	10	11	12
A	3707	1857	1433	1134	1036	943	1069	4029	1022	1023	984	1007	F280/480 125 top:280,480
B	3254	2122	1740	1523	1400	1264	1310	1217	1291	1294	1274	1230	F280/480 125 top:280,480
C	14535	7787	5686	3033	2108	2183	1899	1709	1688	1476	1543	1430	F280/480 125 top:280,480
D	OVRFLW	OVRFLW	48116	28341	18957	9643	5404	4433	3310	2137	1938	1519	F280/480 125 top:280,480
E	7322	1957	1496	1046	926	958	1050	933	1011	936	967	937	F280/480 125 top:280,480
F	3495	2326	1542	1246	1134	1172	1062	4678	1050	1140	1071	1040	F280/480 125 top:280,480
G	4837	3203	2113	1690	1495	1345	1356	1192	1179	1130	1106	1141	F280/480 125 top:280,480
H	27727	27396	26627	21278	15589	9236	4299	3740	2598	1983	1679	1035	F280/480 125 top:280,480

F280/480 135 top:280,480
	1	2	3	4	5	6	7	8	9	10	11	12
A	5937	3518	2609	2071	1884	1928	1814	7406	1757	1849	1783	1850	F280/480 135 top:280,480
B	6226	4295	2843	2668	2384	2377	2381	2391	2365	2328	2418	2244	F280/480 135 top:280,480
C	26167	13971	10434	5495	3947	4198	3553	3105	2736	2690	2713	2534	F280/480 135 top:280,480
D	OVRFLW	OVRFLW	88091	50656	34944	17509	9754	7824	5891	4022	3622	2674	F280/480 135 top:280,480
E	14137	3283	3108	2053	1759	1811	1808	1829	1727	1691	1661	1699	F280/480 135 top:280,480
F	6143	3357	3541	2344	2205	2076	1945	8286	2044	2061	1821	1836	F280/480 135 top:280,480
G	8713	5600	3869	3321	2687	2413	2386	2151	2248	1994	1981	2068	F280/480 135 top:280,480
H	51276	50321	47737	38649	28412	17071	7756	6811	4788	3615	3128	1835	F280/480 135 top:280,480

