Procedure Summary

Plate Type	Corning 96 well flat bottom
Shake	Shake: Medium for 3:00
Read	Read:  F280/350 100 top (F) 280,350
Read	Read:  F280/350 110 top (F) 280,350
Read	Read:  F350/480 130 top (F) 350,480
Read	Read:  F280/480 115 top (F) 280,480
Read	Read:  F280/480 135 top (F) 280,480

F280/350 100 top:280,350
	1	2	3	4	5	6	7	8	9	10	11	12
A	9842	10234	10301	10565	10665	10430							F280/350 100 top:280,350
B	25666	24001	23687	24405	25698	24780							F280/350 100 top:280,350
C	23883	22750	24813	24087	23937	23258							F280/350 100 top:280,350
D	31755	28303	31160	32306	31402	31923							F280/350 100 top:280,350
E	10221	10404	10401	10605	10743	10339							F280/350 100 top:280,350
F	13794	13758	13268	14160	13638	13978							F280/350 100 top:280,350
G	13402	13040	13327	13140	13844	13170							F280/350 100 top:280,350
H	13509	13192	13254	15432	14626	15069							F280/350 100 top:280,350

F280/350 110 top:280,350
	1	2	3	4	5	6	7	8	9	10	11	12
A	20611	21473	21505	21930	22492	21832							F280/350 110 top:280,350
B	53304	50545	49959	50843	54086	52042							F280/350 110 top:280,350
C	50749	47391	52275	50425	50843	48212							F280/350 110 top:280,350
D	69033	59709	63489	68019	68178	70322							F280/350 110 top:280,350
E	21473	21879	21973	22234	22622	21510							F280/350 110 top:280,350
F	28879	28882	27784	29804	28951	29166							F280/350 110 top:280,350
G	28323	27763	28074	27679	29191	27373							F280/350 110 top:280,350
H	28393	28296	27870	33374	31081	31693							F280/350 110 top:280,350

F350/480 130 top:350,480
	1	2	3	4	5	6	7	8	9	10	11	12
A	1364	1439	1408	1334	1296	1270							F350/480 130 top:350,480
B	1373	1542	1359	1382	1335	1351							F350/480 130 top:350,480
C	1827	1647	1808	1315	1606	1313							F350/480 130 top:350,480
D	5972	4730	6215	1366	1329	1302							F350/480 130 top:350,480
E	1434	1365	1356	1383	1340	1205							F350/480 130 top:350,480
F	2805	1403	1346	1464	1281	1366							F350/480 130 top:350,480
G	1392	1482	14314	1377	1354	1323							F350/480 130 top:350,480
H	6432	5981	5749	1430	1343	1296							F350/480 130 top:350,480

F280/480 115 top:280,480
	1	2	3	4	5	6	7	8	9	10	11	12
A	571	597	547	506	515	486							F280/480 115 top:280,480
B	729	729	698	652	669	666							F280/480 115 top:280,480
C	1289	1273	1403	723	803	718							F280/480 115 top:280,480
D	10292	7418	10665	776	754	707							F280/480 115 top:280,480
E	553	556	551	499	520	493							F280/480 115 top:280,480
F	703	661	594	540	564	581							F280/480 115 top:280,480
G	660	747	2669	548	574	551							F280/480 115 top:280,480
H	10732	9632	9454	642	576	550							F280/480 115 top:280,480

F280/480 135 top:280,480
	1	2	3	4	5	6	7	8	9	10	11	12
A	1810	1877	1975	1738	1677	1761							F280/480 135 top:280,480
B	2639	2480	2513	2355	2332	2360							F280/480 135 top:280,480
C	4384	4236	4668	2516	2706	2447							F280/480 135 top:280,480
D	36132	25237	37095	2636	2529	2452							F280/480 135 top:280,480
E	1986	1928	2074	1759	1786	1696							F280/480 135 top:280,480
F	2444	2112	1883	1919	1863	1986							F280/480 135 top:280,480
G	2449	2567	8684	1932	1999	1964							F280/480 135 top:280,480
H	37439	33286	32947	2233	1957	1895							F280/480 135 top:280,480

