Procedure Summary

Plate Type	Corning 96 well flat bottom
Shake	Shake: Medium for 3:00
Read	Read:  F280/350 100 top (F) 280,350
Read	Read:  F280/350 110 top (F) 280,350
Read	Read:  F350/480 130 top (F) 350,480
Read	Read:  F280/480 115 top (F) 280,480
Read	Read:  F280/480 135 top (F) 280,480

F280/350 100 top:280,350
	1	2	3	4	5	6	7	8	9	10	11	12
A	10185	10680	10734	11387	11565	11241							F280/350 100 top:280,350
B	28505	27179	28063	28553	30670	29009							F280/350 100 top:280,350
C	26167	24823	26918	27814	29008	26784							F280/350 100 top:280,350
D	23188	21046	23136	38783	37144	38925							F280/350 100 top:280,350
E	10689	11004	10871	11456	11505	11069							F280/350 100 top:280,350
F	15269	14842	14314	15814	15639	15563							F280/350 100 top:280,350
G	14460	13944	14273	14692	15481	17633							F280/350 100 top:280,350
H	14206	13922	13780	18061	16773	16861							F280/350 100 top:280,350

F280/350 110 top:280,350
	1	2	3	4	5	6	7	8	9	10	11	12
A	21310	22294	22451	23947	24397	23480							F280/350 110 top:280,350
B	59560	56635	58770	59739	64039	60501							F280/350 110 top:280,350
C	54915	52516	56979	59390	61298	55985							F280/350 110 top:280,350
D	51121	44836	49231	80877	77453	83744							F280/350 110 top:280,350
E	22467	22961	22761	23911	24034	23244							F280/350 110 top:280,350
F	31840	31294	30343	33175	32765	32903							F280/350 110 top:280,350
G	29949	29280	30735	30971	33238	30542							F280/350 110 top:280,350
H	29500	29012	29002	38207	34939	35165							F280/350 110 top:280,350

F350/480 130 top:350,480
	1	2	3	4	5	6	7	8	9	10	11	12
A	4979	3047	3285	1470	1499	1447							F350/480 130 top:350,480
B	2544	2416	2577	1451	1584	1516							F350/480 130 top:350,480
C	5991	5337	5535	1541	1678	1445							F350/480 130 top:350,480
D	36183	32279	34443	1535	1481	1477							F350/480 130 top:350,480
E	2464	2745	2501	1900	1495	1424							F350/480 130 top:350,480
F	3786	2562	2890	1585	1669	1574							F350/480 130 top:350,480
G	3374	2815	8142	1539	1558	1403							F350/480 130 top:350,480
H	10719	9860	9939	1559	1474	1492							F350/480 130 top:350,480

F280/480 115 top:280,480
	1	2	3	4	5	6	7	8	9	10	11	12
A	2068	1569	1532	600	554	580							F280/480 115 top:280,480
B	1507	1545	1782	785	793	758							F280/480 115 top:280,480
C	6935	5983	6348	864	901	830							F280/480 115 top:280,480
D	71247	61533	67929	901	809	879							F280/480 115 top:280,480
E	1624	1691	1617	662	592	568							F280/480 115 top:280,480
F	1676	1545	1393	655	762	661							F280/480 115 top:280,480
G	2674	2239	3307	618	668	599							F280/480 115 top:280,480
H	16238	15500	15351	712	654	681							F280/480 115 top:280,480

F280/480 135 top:280,480
	1	2	3	4	5	6	7	8	9	10	11	12
A	7899	5674	5260	1843	2085	1972							F280/480 135 top:280,480
B	5130	5809	5661	2623	2669	2701							F280/480 135 top:280,480
C	23670	20062	21233	2906	2993	2901							F280/480 135 top:280,480
D	OVRFLW	OVRFLW	OVRFLW	3019	2907	3012							F280/480 135 top:280,480
E	5724	5685	5678	2176	1920	1891							F280/480 135 top:280,480
F	5832	5266	4728	2244	2952	2192							F280/480 135 top:280,480
G	8954	7540	11181	2078	2387	2132							F280/480 135 top:280,480
H	57165	54458	53713	2454	2245	2310							F280/480 135 top:280,480

