Procedure Summary

Plate Type	Corning 96 well flat bottom
Shake	Shake: Medium for 3:00
Read	Read:  F280/350 100 top (F) 280,350
Read	Read:  F280/350 110 top (F) 280,350
Read	Read:  F350/480 110 top (F) 350,480
Read	Read:  F280/480 115 top (F) 280,480
Read	Read:  F280/480 125 top (F) 280,480
Read	Read:  F280/480 135 top (F) 280,480

F280/350 100 top:280,350
	1	2	3	4	5	6	7	8	9	10	11	12
A	9417	10022	9820	9894	9825	9862	10522	12490	10375	10189	9696	9720	F280/350 100 top:280,350
B	23936	24885	23896	25318	25115	25108	25211	24889	25060	25415	24181	24222	F280/350 100 top:280,350
C	21766	22948	24457	23587	23169	23795	25303	24316	24126	24215	24140	23960	F280/350 100 top:280,350
D	19199	19040	25394	31309	31852	30965	30682	56292	32115	30248	31207	31227	F280/350 100 top:280,350
E	9458	9883	9769	9910	9811	9804	9970	9769	9841	9660	10100	9823	F280/350 100 top:280,350
F	12897	12917	13576	13805	13496	13506	12987	13396	13195	13429	12914	12994	F280/350 100 top:280,350
G	12076	12827	12763	13739	13793	13973	14804	13320	13607	13081	13614	13450	F280/350 100 top:280,350
H	12143	11742	11874	12603	13574	14694	15645	15042	14942	15047	14327	14528	F280/350 100 top:280,350

F280/350 110 top:280,350
	1	2	3	4	5	6	7	8	9	10	11	12
A	19756	20809	20522	20584	20406	20624	21998	28365	21673	20909	20388	20261	F280/350 110 top:280,350
B	50240	51659	50076	52798	52629	52323	52523	51510	52779	53170	50469	50403	F280/350 110 top:280,350
C	45570	47951	51005	49255	49053	50308	52948	50763	50233	50090	50792	50341	F280/350 110 top:280,350
D	39735	39872	53407	61515	67629	66300	64947	66019	67319	64562	68563	65173	F280/350 110 top:280,350
E	19781	20501	20490	20678	20667	20692	20753	20538	20650	20419	21271	20862	F280/350 110 top:280,350
F	26884	26947	28353	28777	28271	28193	27207	28318	27931	28296	26935	27344	F280/350 110 top:280,350
G	25377	27171	26648	28639	28993	29354	30917	27818	28905	27693	28592	28453	F280/350 110 top:280,350
H	24930	24536	25181	26377	28494	30995	31797	31344	31134	30535	30177	30492	F280/350 110 top:280,350

F350/480 110 top:350,480
	1	2	3	4	5	6	7	8	9	10	11	12
A	1010	702	452	393	349	339	370	793	333	373	328	350	F350/480 110 top:350,480
B	825	610	402	454	359	403	358	372	375	334	367	340	F350/480 110 top:350,480
C	2081	1074	890	549	419	421	397	385	391	350	363	340	F350/480 110 top:350,480
D	8561	7690	3795	2267	1633	944	647	589	491	405	397	361	F350/480 110 top:350,480
E	986	689	450	386	334	351	367	344	371	354	347	328	F350/480 110 top:350,480
F	826	623	503	389	340	340	349	425	371	333	341	334	F350/480 110 top:350,480
G	996	719	542	465	413	400	424	368	371	326	370	339	F350/480 110 top:350,480
H	3067	2522	2476	1792	1404	973	602	571	431	404	352	338	F350/480 110 top:350,480

F280/480 115 top:280,480
	1	2	3	4	5	6	7	8	9	10	11	12
A	1795	1040	676	595	511	514	520	793	544	505	460	479	F280/480 115 top:280,480
B	1824	1144	896	703	664	710	652	633	663	667	700	637	F280/480 115 top:280,480
C	7472	3967	2991	1589	1056	1082	984	850	773	747	741	730	F280/480 115 top:280,480
D	56550	52800	25053	14814	10087	5035	2767	2325	1648	1110	1043	690	F280/480 115 top:280,480
E	1721	1046	766	604	502	499	497	511	497	514	516	459	F280/480 115 top:280,480
F	1587	988	784	681	570	546	508	590	524	537	530	543	F280/480 115 top:280,480
G	2724	1651	1130	908	731	688	713	603	585	570	538	558	F280/480 115 top:280,480
H	14574	14154	13732	11121	8115	4889	2179	1912	1345	1041	904	549	F280/480 115 top:280,480

F280/480 125 top:280,480
	1	2	3	4	5	6	7	8	9	10	11	12
A	3617	2401	1327	1166	963	908	897	1427	990	1031	867	872	F280/480 125 top:280,480
B	3637	2193	1485	1505	1268	1302	1226	1250	1224	1240	1271	1157	F280/480 125 top:280,480
C	14372	7685	5389	2988	2019	2111	1851	1650	1481	1484	1408	1401	F280/480 125 top:280,480
D	OVRFLW	OVRFLW	47300	27968	19082	9331	5413	4357	3227	2098	2035	1375	F280/480 125 top:280,480
E	3849	2137	1334	1140	925	973	923	868	935	906	943	954	F280/480 125 top:280,480
F	3286	1946	1576	1334	1179	1069	1046	1126	1036	981	957	996	F280/480 125 top:280,480
G	4985	2982	2050	1732	1426	1230	1274	1178	1075	1080	1045	1041	F280/480 125 top:280,480
H	28625	27188	25593	21717	15723	9397	4296	3666	2479	1924	1626	1019	F280/480 125 top:280,480

F280/480 135 top:280,480
	1	2	3	4	5	6	7	8	9	10	11	12
A	6606	3090	2565	1956	1789	1778	1748	2604	1902	1744	1653	1706	F280/480 135 top:280,480
B	6473	4481	2712	2725	2602	2348	2314	2358	2198	2186	2283	2107	F280/480 135 top:280,480
C	26862	13418	10336	5455	3786	3818	3412	3024	2777	2647	2681	2592	F280/480 135 top:280,480
D	OVRFLW	OVRFLW	86612	50301	33942	17350	9618	7816	5748	3843	3505	2490	F280/480 135 top:280,480
E	6904	3633	2362	2104	1851	1718	1649	1705	1782	1648	1749	1725	F280/480 135 top:280,480
F	5927	3424	3309	2311	2149	2152	1870	2072	1962	2002	1769	1864	F280/480 135 top:280,480
G	9580	6721	3665	3102	2565	2339	2411	2068	2067	1937	1873	1826	F280/480 135 top:280,480
H	49557	49066	47188	39038	28482	16743	8813	6654	4600	3586	2979	1872	F280/480 135 top:280,480

