Procedure Summary

Plate Type	Costar 96 well half area
Read	Read:  A280 (A) 280
Read	Read:  A350 (A) 350
Read	Read:  F280/350 100 (F) 280,350
Read	Read:  F280/480 125 top (F) 280,480
Read	Read:  F280/480 125 bottom (F) 280,480
Read	Read:  F280/350 125 (F) 280,350

A280:280
	1	2	3	4	5	6	7	8	9	10	11	12
A	0.051	0.054	0.052	0.053	0.053	0.053	0.052	0.056	0.052	0.053	0.053	0.053	A280:280
B	0.056	0.058	0.057	0.057	0.058	0.058	0.056	0.060	0.057	0.058	0.057	0.058	A280:280
C	0.057	0.060	0.058	0.059	0.060	0.059	0.057	0.062	0.057	0.058	0.059	0.058	A280:280
D	0.056	0.059	0.057	0.057	0.059	0.058	0.057	0.060	0.056	0.057	0.058	0.058	A280:280
E	0.051	0.056	0.051	0.052	0.053	0.052	0.051	0.055	0.051	0.052	0.053	0.052	A280:280
F	0.055	0.058	0.056	0.056	0.057	0.057	0.056	0.059	0.056	0.057	0.057	0.056	A280:280
G	0.057	0.059	0.062	0.058	0.059	0.060	0.057	0.060	0.057	0.060	0.058	0.058	A280:280
H	0.056	0.057	0.064	0.057	0.058	0.059	0.056	0.059	0.063	0.059	0.058	0.057	A280:280

A350:350
	1	2	3	4	5	6	7	8	9	10	11	12
A	0.033	0.034	0.034	0.033	0.034	0.033	0.033	0.034	0.033	0.033	0.034	0.034	A350:350
B	0.035	0.035	0.034	0.034	0.034	0.035	0.034	0.035	0.034	0.034	0.034	0.034	A350:350
C	0.035	0.036	0.036	0.036	0.037	0.035	0.035	0.038	0.035	0.035	0.035	0.035	A350:350
D	0.034	0.035	0.035	0.034	0.034	0.034	0.034	0.035	0.034	0.034	0.034	0.035	A350:350
E	0.033	0.035	0.034	0.033	0.033	0.033	0.033	0.034	0.033	0.033	0.033	0.034	A350:350
F	0.034	0.035	0.033	0.034	0.034	0.034	0.034	0.035	0.034	0.034	0.034	0.034	A350:350
G	0.035	0.036	0.040	0.036	0.036	0.036	0.036	0.036	0.035	0.038	0.035	0.036	A350:350
H	0.034	0.034	0.041	0.034	0.034	0.035	0.034	0.035	0.040	0.035	0.034	0.034	A350:350

F280/350 100:280,350
	1	2	3	4	5	6	7	8	9	10	11	12
A	765	764	739	769	767	770	785	783	782	785	808	821	F280/350 100:280,350
B	5818	5986	5706	5734	5791	5766	5523	5704	5573	5656	5975	6135	F280/350 100:280,350
C	5163	4788	4322	3935	4087	5331	5365	3813	5364	4764	5408	5220	F280/350 100:280,350
D	6264	5925	5919	6161	6474	6122	6375	6311	6431	6467	6542	6437	F280/350 100:280,350
E	761	732	722	674	681	678	682	677	685	756	757	802	F280/350 100:280,350
F	5683	5640	5921	5795	5702	5846	5848	6003	6031	6295	5871	5835	F280/350 100:280,350
G	5329	4934	4526	5094	4935	5512	4596	5230	5242	5566	4990	5534	F280/350 100:280,350
H	6446	6417	6635	6520	6558	6706	6682	6569	6636	6676	6626	6566	F280/350 100:280,350

F280/480 125 top:280,480
	1	2	3	4	5	6	7	8	9	10	11	12
A	1866	1839	1825	1893	1937	1875	1957	1864	1930	1896	1925	1978	F280/480 125 top:280,480
B	1894	2818	1858	1731	1903	1930	1906	1968	1885	1956	2020	2007	F280/480 125 top:280,480
C	1860	1778	1990	1776	1756	1946	1860	1721	1833	1887	2012	2040	F280/480 125 top:280,480
D	1962	1815	1931	1880	2058	1865	2042	1945	1878	1990	2011	2101	F280/480 125 top:280,480
E	1802	1886	3230	1702	1712	1701	1757	1821	1810	1736	1808	1877	F280/480 125 top:280,480
F	2002	1915	2015	1786	1797	1849	1846	1919	1842	1895	1928	1970	F280/480 125 top:280,480
G	1963	1792	1974	1891	1842	1907	1707	1915	1883	2225	1860	2424	F280/480 125 top:280,480
H	3033	1956	2807	1913	1935	2258	1937	1890	2292	2031	2057	2079	F280/480 125 top:280,480

F280/480 125 bottom:280,480
	1	2	3	4	5	6	7	8	9	10	11	12
A	5828	5796	5985	5902	6043	6062	5808	5732	5906	5917	5944	6130	F280/480 125 bottom:280,480
B	6385	6385	5919	6023	6038	6122	5835	5971	6042	6139	6050	6250	F280/480 125 bottom:280,480
C	6236	6082	6142	6048	6338	6353	5984	6029	6036	6161	6200	6425	F280/480 125 bottom:280,480
D	6021	5985	6559	6074	5975	6029	6117	5875	5941	6031	5996	6170	F280/480 125 bottom:280,480
E	5651	6163	6669	5578	5661	5451	5549	5427	5647	5720	5709	5746	F280/480 125 bottom:280,480
F	5838	6235	5823	5873	6001	5989	5781	5964	5887	6057	6222	6327	F280/480 125 bottom:280,480
G	6173	6175	6643	6129	6251	6189	6094	6021	6028	6550	6392	6927	F280/480 125 bottom:280,480
H	10118	6044	8420	6013	6267	7362	6098	6100	7958	6865	6417	6484	F280/480 125 bottom:280,480

F280/350 125:280,350
	1	2	3	4	5	6	7	8	9	10	11	12
A	4372	4283	4298	4223	4353	4371	4345	4293	4368	4340	4546	4916	F280/350 125:280,350
B	32214	33263	31538	31825	32332	31877	30473	31826	31181	32449	33118	34457	F280/350 125:280,350
C	29013	27019	24132	21347	23176	29786	29936	21267	29850	26409	29195	28834	F280/350 125:280,350
D	34622	32654	32615	33837	35709	33990	34926	34949	35643	36307	35991	36086	F280/350 125:280,350
E	4222	3999	3955	3754	3836	3929	3680	3874	3962	4184	4209	4362	F280/350 125:280,350
F	34574	31555	32871	31712	31500	32339	32276	33351	33780	34797	32881	32876	F280/350 125:280,350
G	29643	27047	25064	28630	27064	30391	25504	29553	30457	30527	27581	30823	F280/350 125:280,350
H	35639	35532	36706	35691	36150	37537	36655	36095	36392	37395	36904	36047	F280/350 125:280,350

