Procedure Summary

Plate Type	Corning 96 well flat bottom
Shake	Shake: Medium for 3:00
Read	Read:  F280/350 100 top (F) 280,350
Read	Read:  F280/350 110 top (F) 280,350
Read	Read:  F350/480 130 top (F) 350,480
Read	Read:  F280/480 115 top (F) 280,480
Read	Read:  F280/480 135 top (F) 280,480

F280/350 100 top:280,350
	1	2	3	4	5	6	7	8	9	10	11	12
A	10136	10529	10601	11165	11299	11005							F280/350 100 top:280,350
B	27917	26216	26716	26981	28851	27684							F280/350 100 top:280,350
C	25900	24706	26405	26880	27299	25154							F280/350 100 top:280,350
D	25984	22679	24880	35887	34870	36292							F280/350 100 top:280,350
E	10715	10857	10719	11197	11296	10856							F280/350 100 top:280,350
F	14718	14443	14143	15170	14793	14924							F280/350 100 top:280,350
G	14278	13881	14178	14031	14992	14001							F280/350 100 top:280,350
H	13765	14799	13844	17662	16120	16260							F280/350 100 top:280,350

F280/350 110 top:280,350
	1	2	3	4	5	6	7	8	9	10	11	12
A	21279	22144	22314	23105	23598	22864							F280/350 110 top:280,350
B	58219	55046	56259	56432	60424	58313							F280/350 110 top:280,350
C	54603	51450	56180	56502	56912	53624							F280/350 110 top:280,350
D	55065	48082	51593	75156	73412	78006							F280/350 110 top:280,350
E	22445	22905	22764	23459	23612	22511							F280/350 110 top:280,350
F	31072	30392	29439	32033	30624	31520							F280/350 110 top:280,350
G	29823	29015	29494	29894	31548	29089							F280/350 110 top:280,350
H	28885	28481	28204	37116	33823	34228							F280/350 110 top:280,350

F350/480 130 top:350,480
	1	2	3	4	5	6	7	8	9	10	11	12
A	2690	1854	1810	1361	1439	1461							F350/480 130 top:350,480
B	1764	2068	1911	1421	1484	1480							F350/480 130 top:350,480
C	3429	3294	3512	1342	1791	1386							F350/480 130 top:350,480
D	26181	24972	26729	1464	1422	1415							F350/480 130 top:350,480
E	2015	2036	1894	1825	1392	1349							F350/480 130 top:350,480
F	1964	1822	1745	1525	1491	1486							F350/480 130 top:350,480
G	2139	2047	2636	1455	1434	1392							F350/480 130 top:350,480
H	8792	8233	8776	1421	1311	1433							F350/480 130 top:350,480

F280/480 115 top:280,480
	1	2	3	4	5	6	7	8	9	10	11	12
A	1033	1056	970	548	548	519							F280/480 115 top:280,480
B	1149	1071	1118	711	734	802							F280/480 115 top:280,480
C	3631	3294	3815	838	860	805							F280/480 115 top:280,480
D	51443	47525	52691	849	799	847							F280/480 115 top:280,480
E	1006	1022	981	594	587	513							F280/480 115 top:280,480
F	1137	972	1147	597	617	638							F280/480 115 top:280,480
G	1578	1487	1690	616	638	608							F280/480 115 top:280,480
H	15177	14105	13992	654	625	642							F280/480 115 top:280,480

F280/480 135 top:280,480
	1	2	3	4	5	6	7	8	9	10	11	12
A	3525	3629	3220	1933	1906	1945							F280/480 135 top:280,480
B	3694	3744	3966	2493	2508	2468							F280/480 135 top:280,480
C	12428	10912	13087	2865	2989	2689							F280/480 135 top:280,480
D	OVRFLW	OVRFLW	OVRFLW	2875	2763	2682							F280/480 135 top:280,480
E	3698	3894	3439	2025	1903	1767							F280/480 135 top:280,480
F	4049	3351	3072	2134	2011	2165							F280/480 135 top:280,480
G	5705	5315	5920	2088	2217	2030							F280/480 135 top:280,480
H	52556	49138	47959	2266	2137	2236							F280/480 135 top:280,480

