Procedure Summary

Plate Type	Corning 96 well flat bottom
Shake	Shake: Medium for 3:00
Read	Read:  F280/350 100 top (F) 280,350
Read	Read:  F280/350 110 top (F) 280,350
Read	Read:  F350/480 130 top (F) 350,480
Read	Read:  F280/480 115 top (F) 280,480
Read	Read:  F280/480 135 top (F) 280,480

F280/350 100 top:280,350
	1	2	3	4	5	6	7	8	9	10	11	12
A	9198	9585	9703	9912	9949	9824							F280/350 100 top:280,350
B	21293	20921	21003	21168	21915	21127							F280/350 100 top:280,350
C	21280	19846	21472	20271	20693	20176							F280/350 100 top:280,350
D	28360	26665	27860	27731	27600	27006							F280/350 100 top:280,350
E	9613	9922	9866	10065	10009	9666							F280/350 100 top:280,350
F	12454	12370	12269	12781	12601	12623							F280/350 100 top:280,350
G	12292	12095	12142	12380	12703	12024							F280/350 100 top:280,350
H	13840	13638	13576	13792	13679	13574							F280/350 100 top:280,350

F280/350 110 top:280,350
	1	2	3	4	5	6	7	8	9	10	11	12
A	19201	19934	20334	20749	20938	20842							F280/350 110 top:280,350
B	44738	43836	43796	44229	46012	44302							F280/350 110 top:280,350
C	43886	41100	44985	43064	42833	42317							F280/350 110 top:280,350
D	60920	55452	60972	60628	58201	57161							F280/350 110 top:280,350
E	20209	20799	20638	20997	20662	20599							F280/350 110 top:280,350
F	25893	25660	25898	27112	26350	26632							F280/350 110 top:280,350
G	25894	25463	25536	26266	26500	25365							F280/350 110 top:280,350
H	28893	28355	28622	28942	28792	28398							F280/350 110 top:280,350

F350/480 130 top:350,480
	1	2	3	4	5	6	7	8	9	10	11	12
A	1086	1159	1256	1227	1155	1157							F350/480 130 top:350,480
B	1123	1099	1194	1218	1187	1203							F350/480 130 top:350,480
C	1169	1202	1203	1112	1360	1198							F350/480 130 top:350,480
D	1314	1146	1204	1218	1081	1144							F350/480 130 top:350,480
E	1174	1136	1210	1630	1172	1140							F350/480 130 top:350,480
F	2078	1278	1229	1213	1287	1175							F350/480 130 top:350,480
G	1110	1095	1174	1218	1187	1116							F350/480 130 top:350,480
H	1142	1122	1185	1258	1159	1117							F350/480 130 top:350,480

F280/480 115 top:280,480
	1	2	3	4	5	6	7	8	9	10	11	12
A	401	432	485	474	454	439							F280/480 115 top:280,480
B	563	547	576	571	587	595							F280/480 115 top:280,480
C	637	620	678	602	628	639							F280/480 115 top:280,480
D	682	617	639	681	672	611							F280/480 115 top:280,480
E	461	448	458	526	436	416							F280/480 115 top:280,480
F	545	466	486	518	467	490							F280/480 115 top:280,480
G	483	512	510	505	525	478							F280/480 115 top:280,480
H	508	516	526	509	507	495							F280/480 115 top:280,480

F280/480 135 top:280,480
	1	2	3	4	5	6	7	8	9	10	11	12
A	1511	1525	1585	1584	1586	1570							F280/480 135 top:280,480
B	1953	1912	1965	2013	2027	1970							F280/480 135 top:280,480
C	2205	2032	2266	2047	2192	2333							F280/480 135 top:280,480
D	2234	2221	2291	2209	2146	2159							F280/480 135 top:280,480
E	1556	1442	1554	1908	1546	1485							F280/480 135 top:280,480
F	1871	1559	1690	1710	1671	1651							F280/480 135 top:280,480
G	1680	1695	1650	1640	1712	1788							F280/480 135 top:280,480
H	1711	1796	1774	1814	1775	1678							F280/480 135 top:280,480

