Procedure Summary

Plate Type	Corning 96 well flat bottom
Shake	Shake: Medium for 3:00
Read	Read:  F280/350 100 top (F) 280,350
Read	Read:  F280/350 110 top (F) 280,350
Read	Read:  F350/480 130 top (F) 350,480
Read	Read:  F280/480 115 top (F) 280,480
Read	Read:  F280/480 135 top (F) 280,480

F280/350 100 top:280,350
	1	2	3	4	5	6	7	8	9	10	11	12
A	9999	10331	10506	10810	10953	10745							F280/350 100 top:280,350
B	26557	25307	25414	25527	27077	26096							F280/350 100 top:280,350
C	25309	24123	25817	25224	25823	24389							F280/350 100 top:280,350
D	32473	27918	29659	34176	36300	34184							F280/350 100 top:280,350
E	10386	10658	10585	10782	11109	10509							F280/350 100 top:280,350
F	14231	14195	13634	14760	14305	14425							F280/350 100 top:280,350
G	13839	13502	13966	13678	14437	13593							F280/350 100 top:280,350
H	13389	14429	13190	16626	15340	15818							F280/350 100 top:280,350

F280/350 110 top:280,350
	1	2	3	4	5	6	7	8	9	10	11	12
A	21095	21722	21913	22602	23089	22371							F280/350 110 top:280,350
B	55422	53475	53108	53814	56687	54609							F280/350 110 top:280,350
C	52354	50773	54670	52945	54413	51234							F280/350 110 top:280,350
D	67098	58254	60961	71850	69139	71508							F280/350 110 top:280,350
E	21921	22306	22167	22782	22921	22018							F280/350 110 top:280,350
F	30024	29688	28663	30739	29930	30446							F280/350 110 top:280,350
G	29187	28437	29151	29248	30557	28525							F280/350 110 top:280,350
H	28528	27878	27725	34915	33070	32872							F280/350 110 top:280,350

F350/480 130 top:350,480
	1	2	3	4	5	6	7	8	9	10	11	12
A	1557	1709	1521	1324	1417	1353							F350/480 130 top:350,480
B	1580	1597	1567	1329	1396	1474							F350/480 130 top:350,480
C	2358	2187	2500	1486	1618	1462							F350/480 130 top:350,480
D	12647	10370	12467	1438	1248	1369							F350/480 130 top:350,480
E	1634	1635	1546	1835	1471	1378							F350/480 130 top:350,480
F	2833	1535	1728	1430	1379	1488							F350/480 130 top:350,480
G	1619	1674	5941	1343	1414	1416							F350/480 130 top:350,480
H	8025	7665	7558	1401	1296	1347							F350/480 130 top:350,480

F280/480 115 top:280,480
	1	2	3	4	5	6	7	8	9	10	11	12
A	693	696	703	540	516	490							F280/480 115 top:280,480
B	860	862	833	705	715	699							F280/480 115 top:280,480
C	2046	2017	2234	742	815	781							F280/480 115 top:280,480
D	23489	19047	23422	778	763	790							F280/480 115 top:280,480
E	740	727	720	569	543	499							F280/480 115 top:280,480
F	891	772	698	596	566	567							F280/480 115 top:280,480
G	992	994	1725	563	601	590							F280/480 115 top:280,480
H	13950	12965	12584	660	612	622							F280/480 115 top:280,480

F280/480 135 top:280,480
	1	2	3	4	5	6	7	8	9	10	11	12
A	2306	2375	2632	1867	1909	1750							F280/480 135 top:280,480
B	3338	2820	2859	2337	2501	2482							F280/480 135 top:280,480
C	7425	6477	7720	2744	2710	2648							F280/480 135 top:280,480
D	80699	65899	81907	2712	2593	2524							F280/480 135 top:280,480
E	2709	2413	2570	2043	1821	1826							F280/480 135 top:280,480
F	3209	2460	2381	2012	1898	1993							F280/480 135 top:280,480
G	3556	3445	6015	2029	2032	1897							F280/480 135 top:280,480
H	47550	45826	43721	2194	2189	2117							F280/480 135 top:280,480

