Procedure Summary

Plate Type	Costar 96 well half area
Shake	Shake: Medium for 3:00
Read	Read:  A280 (A) 280
Read	Read:  A350 (A) 350
Read	Read:  F280/350 100 bottom (F) 280,350
Read	Read:  F280/350 100 top (F) 280,350
Read	Read:  F280/350 125 top (F) 280,350
Read	Read:  F280/480 125 top (F) 280,480
Read	Read:  F280/480 135 top (F) 280,480
Read	Read:  F280/480 100 bottom (F) 280,480
Read	Read:  F280/480 125 bottom (F) 280,480
Read	Read:  F350/480 100 bottom (F) 350,480

A280:280
	1	2	3	4	5	6	7	8	9	10	11	12
A	0.051	0.216	0.128	0.095	0.053	0.053	0.776	0.430	0.052	0.088	0.075	0.053	A280:280
B	0.057	0.209	0.133	0.117	0.059	0.060	0.784	0.442	0.058	0.104	0.088	0.059	A280:280
C	0.057	0.209	0.130	0.107	0.059	0.060	0.768	0.459	0.057	0.097	0.085	0.059	A280:280
D	0.057	0.208	0.132	0.104	0.059	0.059	0.753	0.397	0.057	0.102	0.083	0.059	A280:280
E	0.050	0.209	0.124	0.096	0.052	0.052	0.737	0.432	0.051	0.093	0.072	0.052	A280:280
F	0.056	0.200	0.119	0.104	0.058	0.058	0.766	0.444	0.057	0.100	0.084	0.058	A280:280
G	0.056	0.202	0.132	0.104	0.058	0.060	0.711	0.413	0.057	0.100	0.083	0.058	A280:280
H	0.058	0.212	0.135	0.103	0.059	0.059	0.752	0.430	0.064	0.101	0.083	0.058	A280:280

A350:350
	1	2	3	4	5	6	7	8	9	10	11	12
A	0.033	0.084	0.057	0.048	0.034	0.034	0.240	0.142	0.034	0.066	0.054	0.034	A350:350
B	0.036	0.080	0.058	0.052	0.036	0.037	0.248	0.147	0.036	0.076	0.061	0.037	A350:350
C	0.036	0.080	0.058	0.051	0.037	0.037	0.245	0.158	0.036	0.070	0.059	0.037	A350:350
D	0.036	0.080	0.059	0.049	0.036	0.036	0.240	0.136	0.035	0.075	0.057	0.037	A350:350
E	0.033	0.083	0.056	0.047	0.034	0.033	0.237	0.147	0.033	0.070	0.052	0.034	A350:350
F	0.035	0.079	0.054	0.050	0.036	0.036	0.246	0.149	0.035	0.072	0.058	0.036	A350:350
G	0.036	0.079	0.061	0.050	0.036	0.037	0.232	0.140	0.036	0.074	0.059	0.036	A350:350
H	0.037	0.082	0.064	0.049	0.036	0.037	0.240	0.145	0.041	0.072	0.057	0.036	A350:350

F280/350 100 bottom:280,350
	1	2	3	4	5	6	7	8	9	10	11	12
A	2290	2081	2030	2111	2170	2206	1718	1873	2208	2182	2277	2339	F280/350 100 bottom:280,350
B	13243	10407	11389	11502	13043	13203	5341	7189	12913	11527	11938	13456	F280/350 100 bottom:280,350
C	11533	5675	6515	7484	10551	11388	2723	3414	11669	8216	9094	11947	F280/350 100 bottom:280,350
D	13294	10388	11458	11564	13232	13019	5244	7418	13353	11527	12001	13345	F280/350 100 bottom:280,350
E	2149	1854	1946	1801	1835	1886	1522	1592	1885	2159	2167	2166	F280/350 100 bottom:280,350
F	13539	10621	11624	11391	12638	12946	5424	7059	13080	11540	11742	13245	F280/350 100 bottom:280,350
G	11838	5777	6778	7491	11085	11533	2912	3815	11581	8650	8889	11736	F280/350 100 bottom:280,350
H	13665	10650	12985	12163	13388	13706	6359	7378	14119	12255	12447	13763	F280/350 100 bottom:280,350

F280/350 100 top:280,350
	1	2	3	4	5	6	7	8	9	10	11	12
A	689	487	535	584	664	663	256	372	676	642	659	712	F280/350 100 top:280,350
B	4864	4199	4273	4528	4879	5037	2289	3295	4649	4908	4913	5099	F280/350 100 top:280,350
C	4201	2041	2110	2923	3501	4308	1168	1011	4329	3453	3845	4214	F280/350 100 top:280,350
D	5095	4254	4285	4741	5251	4984	2922	3777	5222	5271	5313	5267	F280/350 100 top:280,350
E	636	468	522	545	554	566	270	326	618	600	623	691	F280/350 100 top:280,350
F	5130	3982	4448	4409	4774	4914	2440	3803	5027	5208	4834	4918	F280/350 100 top:280,350
G	4394	2154	2314	2813	4045	4447	885	1732	4416	3905	3816	4559	F280/350 100 top:280,350
H	5282	4444	4921	5113	5383	5567	3028	3893	5481	5643	5490	5455	F280/350 100 top:280,350

F280/350 125 top:280,350
	1	2	3	4	5	6	7	8	9	10	11	12
A	3778	2798	3001	3317	3739	3897	1499	2178	3702	3550	3576	4270	F280/350 125 top:280,350
B	27514	23887	23980	25576	27362	28549	13178	18932	26114	27789	27936	28801	F280/350 125 top:280,350
C	24041	11696	12018	16697	19745	24519	6631	5727	24532	19090	21566	23926	F280/350 125 top:280,350
D	29276	24189	24186	26923	29761	28569	16527	21413	29823	29681	29849	30130	F280/350 125 top:280,350
E	3640	2674	2954	3026	3184	3152	1506	1955	3272	3486	3492	3957	F280/350 125 top:280,350
F	29265	22429	25323	25174	26678	28005	13905	21440	28642	29892	27452	28158	F280/350 125 top:280,350
G	24497	12120	13365	16557	22961	25207	4950	9883	24976	22440	21385	25738	F280/350 125 top:280,350
H	29758	24728	27822	29240	31118	31586	16989	22559	31316	32098	31239	30628	F280/350 125 top:280,350

F280/480 125 top:280,480
	1	2	3	4	5	6	7	8	9	10	11	12
A	1834	16118	12750	10768	1860	1822	43074	27393	1827	6257	5768	1890	F280/480 125 top:280,480
B	1781	12951	9044	8850	1831	1829	38179	23196	1754	6238	5354	1912	F280/480 125 top:280,480
C	1772	17408	13250	12309	1650	1771	35200	25383	1772	12027	11102	1888	F280/480 125 top:280,480
D	1774	13045	9157	8067	1837	1796	37406	21682	1767	7302	5443	1786	F280/480 125 top:280,480
E	1862	15994	13733	10984	1695	1764	43223	29201	1769	6640	5666	1822	F280/480 125 top:280,480
F	1745	12219	8513	8248	1742	1802	39963	23546	1780	5990	4994	1841	F280/480 125 top:280,480
G	1747	17216	12970	12014	1775	1741	33652	24513	1760	13098	9926	1860	F280/480 125 top:280,480
H	3092	13293	10100	7765	1879	2171	39590	23328	2219	5384	4722	1902	F280/480 125 top:280,480

F280/480 135 top:280,480
	1	2	3	4	5	6	7	8	9	10	11	12
A	3253	29571	23120	19680	3326	3379	78485	49806	3283	11057	10295	3605	F280/480 135 top:280,480
B	3497	23156	16576	15870	3371	3257	69654	41119	3123	10908	9598	3472	F280/480 135 top:280,480
C	3184	30954	23433	22439	3127	3105	63411	46034	3283	21561	19989	3351	F280/480 135 top:280,480
D	3185	23557	16305	14482	3278	3216	67872	38917	3285	13059	9493	3280	F280/480 135 top:280,480
E	3338	28751	24996	19672	3095	3152	78345	52810	3264	12086	10341	3323	F280/480 135 top:280,480
F	3188	22090	15109	14825	3213	3183	72724	42292	3211	10840	8850	3293	F280/480 135 top:280,480
G	3363	30288	23423	22029	3290	3363	60944	44228	3232	23168	18354	3363	F280/480 135 top:280,480
H	5551	23961	18513	13967	3372	3787	72142	42598	3925	9731	8606	3594	F280/480 135 top:280,480

F280/480 100 bottom:280,480
	1	2	3	4	5	6	7	8	9	10	11	12
A	1049	7419	6271	5628	1055	1040	17728	12940	1005	4018	3517	1069	F280/480 100 bottom:280,480
B	1092	7155	5209	5174	1074	1084	17945	12200	1070	4175	3510	1129	F280/480 100 bottom:280,480
C	1055	9284	7396	7032	1069	1071	18290	14373	1057	6848	6182	1083	F280/480 100 bottom:280,480
D	1060	7150	5290	4818	1055	1061	18271	11638	1035	4424	3454	1082	F280/480 100 bottom:280,480
E	1008	7329	6479	5899	976	986	18145	13619	971	4255	3616	998	F280/480 100 bottom:280,480
F	1047	6688	4838	4958	1061	1094	18201	12786	1038	4039	3413	1105	F280/480 100 bottom:280,480
G	1067	9116	7220	6745	1084	1109	16997	13723	1076	7008	5988	1085	F280/480 100 bottom:280,480
H	2361	7091	5514	4440	1107	1328	18182	12244	1443	3583	2996	1143	F280/480 100 bottom:280,480

F280/480 125 bottom:280,480
	1	2	3	4	5	6	7	8	9	10	11	12
A	5816	41390	34420	31124	5881	5855	OVRFLW	72143	5760	22087	19864	6023	F280/480 125 bottom:280,480
B	6134	40205	29232	29096	6023	5988	OVRFLW	69036	5855	23352	19390	6309	F280/480 125 bottom:280,480
C	6064	52149	41132	40070	6107	5934	OVRFLW	79821	5922	38805	34783	6077	F280/480 125 bottom:280,480
D	6081	39933	29236	27185	6018	6011	OVRFLW	64778	6005	24664	19357	6180	F280/480 125 bottom:280,480
E	5573	41446	36430	33113	5547	5412	OVRFLW	75994	5510	24053	20403	5716	F280/480 125 bottom:280,480
F	5904	37163	26967	27760	6075	6022	OVRFLW	71726	5875	22514	18753	6126	F280/480 125 bottom:280,480
G	6037	51217	40389	37744	5986	6043	OVRFLW	77539	6020	39745	33674	6239	F280/480 125 bottom:280,480
H	13551	40213	30563	24914	6125	7403	OVRFLW	69047	8144	20053	16583	6471	F280/480 125 bottom:280,480

F350/480 100 bottom:350,480
	1	2	3	4	5	6	7	8	9	10	11	12
A	920	3139	2639	2378	957	926	7143	4837	953	4372	3881	978	F350/480 100 bottom:350,480
B	981	2801	2224	2206	958	955	6925	4630	978	4564	3837	959	F350/480 100 bottom:350,480
C	968	3328	2712	2655	956	962	7330	5437	921	5040	4388	924	F350/480 100 bottom:350,480
D	966	2810	2299	2035	999	957	7239	4262	962	5697	3805	990	F350/480 100 bottom:350,480
E	946	3143	3302	2421	904	928	7275	5118	981	4803	4034	946	F350/480 100 bottom:350,480
F	943	2740	2069	2110	960	971	7151	4595	971	4497	3708	963	F350/480 100 bottom:350,480
G	928	3265	2688	2480	943	943	6766	4958	931	5215	4462	962	F350/480 100 bottom:350,480
H	2400	2891	2556	1966	977	1192	7259	4459	1349	3830	3224	995	F350/480 100 bottom:350,480

