Procedure Summary

Plate Type	Corning 96 well flat bottom
Shake	Shake: Medium for 3:00
Read	Read:  F280/350 100 top (F) 280,350
Read	Read:  F280/350 110 top (F) 280,350
Read	Read:  F350/480 130 top (F) 350,480
Read	Read:  F280/480 115 top (F) 280,480
Read	Read:  F280/480 125 top (F) 280,480
Read	Read:  F280/480 135 top (F) 280,480

F280/350 100 top:280,350
	1	2	3	4	5	6	7	8	9	10	11	12
A	9445	9813	9626	9820	9859	9855	10467	10452	10284	9906	9728	9696	F280/350 100 top:280,350
B	23750	24436	23638	24938	25075	24684	24873	24373	25540	25048	23996	24150	F280/350 100 top:280,350
C	21432	22567	24725	23295	23337	23650	24872	23937	23871	23711	23852	23780	F280/350 100 top:280,350
D	18944	19184	25722	28980	31527	31033	30455	31639	31699	29962	30742	31045	F280/350 100 top:280,350
E	9357	9806	9866	9867	9760	9869	9880	9714	9773	9717	10084	9759	F280/350 100 top:280,350
F	12684	12780	13424	13678	13486	13396	12957	13341	13158	13320	12827	12950	F280/350 100 top:280,350
G	12015	12906	12551	13549	13741	14107	14697	13119	13671	13188	13456	13376	F280/350 100 top:280,350
H	10973	11661	11753	12683	13413	14677	14714	14877	14765	14467	14284	14481	F280/350 100 top:280,350

F280/350 110 top:280,350
	1	2	3	4	5	6	7	8	9	10	11	12
A	19807	20889	20368	20669	20726	20662	21784	22268	21542	21025	20314	20155	F280/350 110 top:280,350
B	49642	51211	49168	52113	52800	51794	51860	50988	53153	52054	50228	50526	F280/350 110 top:280,350
C	45334	47506	51825	48549	49179	49818	52204	50042	49999	49811	50437	49725	F280/350 110 top:280,350
D	39475	41833	53586	61321	68378	64524	63134	65286	66136	63390	64615	64393	F280/350 110 top:280,350
E	19562	20735	20498	20640	20461	20773	20770	20286	20622	20420	21288	20603	F280/350 110 top:280,350
F	26640	26658	28103	28647	28455	28150	27113	28012	27661	27787	27023	27099	F280/350 110 top:280,350
G	25187	26900	26563	28615	28743	29603	30932	27604	28736	27465	28164	28346	F280/350 110 top:280,350
H	23335	24333	24755	26527	28401	30522	31191	31067	31909	30433	29964	30337	F280/350 110 top:280,350

F350/480 130 top:350,480
	1	2	3	4	5	6	7	8	9	10	11	12
A	2898	2146	1441	1436	1992	1234	1234	1385	1310	1309	1266	1298	F350/480 130 top:350,480
B	3003	1926	2109	1434	1433	1536	1289	1313	1320	1201	1309	1257	F350/480 130 top:350,480
C	6916	3927	2939	1834	1552	1561	1509	1323	1306	1269	1291	1360	F350/480 130 top:350,480
D	30447	28139	13899	9108	5967	3328	2247	2085	1736	1416	1415	1332	F350/480 130 top:350,480
E	3834	2255	1746	1383	1245	1343	1183	1212	1267	1238	1333	1253	F350/480 130 top:350,480
F	4272	2741	2138	1481	1351	1411	1249	6018	1342	1287	1231	1241	F350/480 130 top:350,480
G	3241	2402	1903	1653	1483	1438	1495	1297	1273	1297	1303	1340	F350/480 130 top:350,480
H	9185	8665	7846	6511	5146	3514	2092	2059	1690	1544	1367	1268	F350/480 130 top:350,480

F280/480 115 top:280,480
	1	2	3	4	5	6	7	8	9	10	11	12
A	1716	1142	674	559	634	482	505	726	488	506	470	462	F280/480 115 top:280,480
B	1819	1444	761	740	742	689	659	631	676	652	662	622	F280/480 115 top:280,480
C	7268	3886	2846	1543	1068	1067	973	873	782	762	752	720	F280/480 115 top:280,480
D	56192	53624	25233	14695	10052	4977	2821	2338	1644	1144	1015	706	F280/480 115 top:280,480
E	1726	1081	766	599	468	490	507	477	503	481	473	478	F280/480 115 top:280,480
F	1917	1379	817	731	574	565	535	1982	511	561	545	529	F280/480 115 top:280,480
G	2589	1683	1076	923	749	693	666	613	570	559	559	557	F280/480 115 top:280,480
H	14405	14043	13461	10900	7976	4783	2438	1942	1355	1026	881	542	F280/480 115 top:280,480

F280/480 125 top:280,480
	1	2	3	4	5	6	7	8	9	10	11	12
A	3320	2274	1299	1104	1212	961	985	1509	936	929	942	936	F280/480 125 top:280,480
B	3574	2292	1525	1493	1281	1251	1242	1267	1315	1237	1282	1169	F280/480 125 top:280,480
C	14038	7337	5398	2974	2053	2003	1886	1653	1556	1436	1377	1433	F280/480 125 top:280,480
D	OVRFLW	OVRFLW	48598	27760	19811	9499	5309	4349	3078	2099	1973	1331	F280/480 125 top:280,480
E	3657	2202	1239	1111	881	965	962	967	994	898	895	903	F280/480 125 top:280,480
F	3650	1894	1619	1172	1150	1105	1028	3637	1020	1042	965	979	F280/480 125 top:280,480
G	5402	3231	2051	1602	1372	1297	1391	1133	1148	1113	1011	1119	F280/480 125 top:280,480
H	28602	27059	25735	21455	15549	9045	4320	3624	2510	1969	1637	1023	F280/480 125 top:280,480

F280/480 135 top:280,480
	1	2	3	4	5	6	7	8	9	10	11	12
A	6330	3852	2372	2094	2268	1665	1720	2888	1760	1667	1698	1703	F280/480 135 top:280,480
B	6442	4132	2807	2652	2261	2441	2276	2251	2309	2137	2252	2124	F280/480 135 top:280,480
C	25567	13243	10047	5402	3615	3792	3246	2938	2609	2527	2642	2485	F280/480 135 top:280,480
D	OVRFLW	OVRFLW	86950	51863	35239	17187	9867	8159	5649	3915	3404	2433	F280/480 135 top:280,480
E	6790	3821	2490	2017	1605	1716	1721	1686	1695	1728	1669	1698	F280/480 135 top:280,480
F	7483	3411	2825	2279	2093	1922	1815	6887	1892	1874	1730	1903	F280/480 135 top:280,480
G	9335	5281	3866	2918	2590	2518	2393	2078	2055	1905	1876	1936	F280/480 135 top:280,480
H	52549	48447	45723	38120	28173	16920	8607	6497	4569	3470	2914	1871	F280/480 135 top:280,480

