*	360nm	365nm	370nm	375nm	380nm	385nm	390nm	395nm	400nm	405nm	410nm	415nm	420nm	425nm	430nm	435nm	440nm	445nm	450nm	455nm	460nm	465nm	470nm	475nm	480nm	485nm	490nm	495nm	500nm	505nm	510nm	515nm	520nm	525nm	530nm	535nm	540nm	545nm	550nm	555nm	560nm	565nm	570nm	575nm	580nm	585nm	590nm	595nm	600nm	605nm	610nm	615nm	620nm	625nm	630nm	635nm	640nm	645nm	650nm	655nm	660nm	665nm	670nm	675nm	680nm	685nm	690nm	695nm	700nm	705nm	710nm	715nm	720nm	725nm	730nm	735nm	740nm	745nm	750nm	755nm	760nm	765nm	770nm	775nm	780nm	785nm	790nm	795nm	800nm	
A1	6892	40	33	32	36	37	56	91	104	79	83	89	106	120	139	155	171	190	203	200	199	214	230	231	231	224	217	216	208	200	187	174	168	163	150	138	127	120	107	101	95	91	81	71	68	62	60	51	53	47	41	39	36	34	30	29	26	22	23	20	21	17	15	13	16	11	12	12	10	10	9	9	8	5	5	5	5	3	5	3	3	3	3	3	3	4	4	4	4	
A2	60001	46	34	38	39	44	64	96	112	93	94	110	124	148	167	196	224	247	272	288	296	327	372	382	399	403	404	402	394	388	378	359	344	329	312	292	278	260	242	218	210	187	170	160	150	135	123	116	106	95	88	83	75	66	63	56	50	48	43	38	35	31	28	26	25	23	21	19	16	16	13	12	11	11	8	10	8	5	5	8	6	6	3	3	7	4	4	4	4	
A3	55526	42	34	32	36	36	57	92	103	80	86	91	111	127	139	162	168	186	203	199	197	207	225	225	225	227	221	212	201	195	182	174	166	155	147	133	124	120	107	97	95	84	79	71	70	64	56	51	46	44	39	36	34	34	30	27	26	23	24	20	19	19	15	13	14	14	12	9	10	7	6	6	9	6	8	8	5	5	3	6	3	3	3	3	3	4	4	4	4	
A4	55918	42	37	32	39	44	60	100	114	93	99	113	132	160	178	202	226	260	277	284	292	308	349	365	373	366	368	363	361	343	329	312	303	288	268	254	239	221	202	190	173	165	144	136	125	116	100	95	90	82	74	67	65	58	49	46	42	39	38	33	32	28	25	23	19	20	24	19	16	13	13	12	9	11	8	8	8	8	6	6	6	6	6	3	3	4	4	4	4	
B1	53898	49	41	42	39	44	58	100	124	120	142	184	243	309	381	454	546	623	685	728	744	802	882	916	912	920	894	887	874	825	797	754	714	670	632	589	558	505	481	435	400	375	341	319	286	268	241	222	209	189	178	156	146	136	125	112	102	96	86	77	73	64	60	55	51	48	44	37	38	32	28	24	25	25	21	21	16	16	14	11	12	9	9	10	7	11	7	8	4	
B2	59399	50	41	42	42	46	67	103	133	125	152	187	248	299	346	415	470	515	574	571	577	610	667	691	670	668	642	622	602	571	560	512	492	459	426	391	361	341	306	281	258	240	221	202	185	170	152	144	131	120	109	104	88	79	76	69	62	58	52	50	47	39	38	34	33	29	24	22	20	20	16	15	14	11	11	10	10	8	8	8	9	9	6	7	7	4	4	4	4	
B3	53684	50	45	39	37	43	62	107	134	141	178	237	304	399	463	566	661	749	831	854	863	951	1040	1092	1095	1096	1074	1082	1038	1003	950	903	869	805	757	708	658	617	574	525	480	447	405	360	342	311	286	257	232	212	198	185	159	143	132	124	110	99	89	81	75	66	61	58	47	46	42	41	33	34	29	28	23	22	22	18	16	16	14	14	12	12	9	7	10	7	8	8	9	
B4	54305	53	44	41	36	42	56	98	117	104	122	159	189	228	283	326	360	407	433	449	448	471	502	511	523	502	486	476	461	435	420	390	369	342	318	288	274	261	236	217	197	179	166	149	141	128	119	104	97	90	83	79	70	65	58	50	47	44	39	38	33	30	28	26	25	20	21	19	16	13	13	12	12	8	8	8	8	8	8	6	6	6	6	7	3	4	4	4	4	
C1	57414	57	65	61	63	69	96	135	143	118	121	122	130	143	138	142	148	149	153	145	132	139	142	151	141	134	138	127	119	116	110	107	98	98	91	82	77	72	67	62	58	52	50	46	41	41	37	33	32	31	27	26	21	23	17	20	16	16	15	13	9	12	10	10	8	8	9	6	6	3	3	6	3	5	3	3	3	5	3	3	0	3	3	0	3	4	4	4	4	
C2	56345	235	291	319	347	350	380	423	478	466	477	476	486	491	482	466	449	438	410	372	329	325	316	294	270	251	231	211	197	176	159	149	129	116	108	100	87	77	68	64	57	52	49	42	39	36	31	29	27	24	23	20	19	18	15	15	12	10	11	11	9	7	7	8	8	6	6	9	6	6	6	6	3	3	3	3	3	3	3	3	3	0	0	3	3	4	4	0	0	
C3	55476	52	54	58	60	71	85	128	140	108	104	114	118	126	134	133	139	145	147	146	139	140	150	150	152	147	146	140	138	130	123	114	114	104	98	93	88	78	81	74	66	62	53	53	48	43	40	36	37	32	30	29	23	25	24	21	18	18	15	13	11	12	10	10	11	8	9	9	6	6	6	6	6	5	5	5	3	3	3	3	6	3	3	3	0	4	0	4	4	
C4	53435	201	238	280	296	300	333	369	407	404	407	409	410	413	409	394	387	372	352	314	285	278	277	259	233	213	197	182	166	154	138	125	115	103	92	81	76	68	61	56	52	44	43	37	35	33	29	25	23	19	23	19	16	16	13	13	14	12	8	9	7	7	7	8	8	6	6	6	6	3	3	3	3	3	3	5	3	3	0	3	0	0	0	0	0	4	0	4	4	
D1	53532	83	115	149	182	223	285	353	410	458	494	528	555	602	621	665	707	740	757	727	696	711	728	723	678	646	607	580	535	493	452	420	392	355	334	292	269	249	228	206	188	172	161	147	134	125	113	101	93	84	76	72	65	60	54	52	45	41	38	35	32	31	27	26	27	22	20	21	16	13	16	12	11	13	8	10	8	8	8	6	6	6	6	6	3	7	4	4	4	
D2	53396	595	765	911	981	1009	1062	1140	1239	1282	1316	1338	1337	1348	1329	1306	1305	1247	1183	1081	966	954	955	894	845	778	720	662	616	562	510	469	428	388	354	320	280	261	232	215	193	177	159	141	128	118	107	94	89	78	68	63	62	52	49	44	44	37	32	29	30	26	27	21	21	17	18	16	13	13	9	12	8	8	8	5	5	5	5	6	3	6	3	6	3	4	4	4	4	
D3	95773	101	154	212	268	345	429	545	650	697	770	790	811	800	793	775	783	766	748	675	614	623	650	623	599	585	551	525	500	470	442	414	390	354	320	296	274	245	223	208	180	173	153	142	129	119	106	97	91	86	74	67	64	56	55	47	42	39	36	31	33	26	25	23	19	20	21	16	16	10	13	12	9	8	8	8	10	8	5	5	9	6	3	6	7	7	4	4	4	
D4	50475	590	759	917	977	985	1022	1093	1201	1207	1257	1240	1245	1255	1229	1203	1152	1123	1053	969	861	851	835	801	736	678	633	575	538	486	442	406	370	334	301	270	241	220	200	177	159	144	130	117	106	99	87	80	71	67	58	52	46	44	37	36	34	29	25	26	23	19	17	18	16	14	15	12	10	13	9	9	8	8	8	8	5	5	5	6	3	3	6	3	3	4	4	4	4	
E1	60671	41	31	29	33	32	49	87	90	61	48	48	48	49	52	51	48	48	49	46	46	48	51	54	54	55	54	52	49	45	45	41	39	37	35	32	30	28	25	23	22	22	19	18	18	14	13	14	12	11	10	10	9	9	7	8	6	4	6	4	5	5	5	5	5	6	3	6	3	3	3	3	3	3	5	3	3	3	3	6	0	3	3	3	3	4	4	0	0	
E2	105422	45	30	29	34	33	53	86	90	57	50	51	51	53	52	54	55	55	56	55	53	54	57	62	61	58	57	55	53	50	48	43	43	42	40	36	34	30	29	25	23	24	22	21	21	18	13	15	14	13	12	10	11	13	9	10	10	8	6	7	7	7	5	5	5	6	3	6	3	6	3	3	3	3	3	3	3	3	3	0	3	3	0	3	3	0	0	4	4	
E3	56844	42	30	32	31	38	52	87	89	58	51	47	48	50	51	47	50	51	51	50	45	52	53	55	55	55	53	51	46	44	46	41	38	40	33	33	29	28	26	24	22	20	20	18	17	16	13	12	12	13	10	10	12	11	9	8	8	6	6	7	5	5	5	5	5	3	3	3	3	6	3	3	0	5	5	0	3	3	3	6	3	3	3	3	3	4	4	4	0	
E4	54222	42	31	29	33	33	48	79	85	62	53	50	49	50	54	52	51	52	55	51	50	53	55	58	57	57	53	52	52	48	46	42	42	41	38	35	34	30	27	24	25	24	23	21	20	17	15	15	14	13	13	12	12	11	9	10	10	8	8	7	5	5	7	5	5	6	6	6	3	3	3	6	3	3	3	5	3	3	3	3	3	3	3	3	3	4	4	4	0	
F1	64435	14520	24745	32865	35899	35486	34881	33677	33305	31602	28612	25138	21740	18785	15823	12946	10890	8896	7208	5619	4338	3562	2999	2449	1982	1555	1234	989	801	636	511	401	340	265	210	168	138	114	91	76	61	51	43	37	28	24	19	18	17	15	13	10	9	7	7	8	6	4	4	4	5	5	5	5	3	6	3	6	6	3	3	3	3	3	5	3	3	3	3	0	3	3	0	3	3	4	4	4	0	
F2	67927	13115	22287	29359	32172	32170	31214	29861	30032	27829	25293	22110	19291	16511	13963	11409	9459	7786	6350	4949	3714	3090	2622	2126	1693	1360	1070	854	696	544	433	345	284	227	186	150	120	99	76	64	54	47	37	32	26	22	19	16	16	11	12	12	9	9	7	6	6	4	6	4	7	5	5	3	5	0	6	3	0	3	6	3	6	3	3	3	3	3	3	0	3	0	3	3	3	4	4	4	4	
F3	65908	14397	24237	32397	35100	35269	34035	33022	33042	31103	28313	24760	21473	18704	15757	12810	10703	8838	7125	5510	4256	3562	2974	2429	1923	1552	1222	982	803	633	506	407	327	263	206	166	136	108	91	74	62	52	44	37	29	27	22	18	16	11	13	10	9	9	9	6	6	4	4	7	2	5	2	5	3	3	6	3	3	3	0	3	0	3	0	3	0	3	0	3	3	3	3	3	0	4	0	4	4	
F4	59397	13356	23041	29974	32656	32286	31379	30277	30476	28633	26180	22796	20026	16827	14513	11826	9792	7996	6455	5068	3844	3240	2686	2214	1777	1418	1112	904	716	569	460	364	295	237	189	153	124	100	81	67	59	46	41	33	28	23	19	17	14	13	12	10	10	5	6	6	8	4	4	4	5	5	2	5	3	6	3	6	0	3	3	3	3	3	3	3	3	0	3	3	3	3	3	0	3	4	4	0	4	
G1	60064	42	24	29	24	28	41	76	83	43	34	32	34	32	33	29	28	28	28	24	19	21	19	19	19	16	16	14	14	15	12	10	12	11	11	9	8	7	9	9	6	7	7	7	6	6	6	6	5	5	5	5	4	4	6	4	4	4	4	4	5	2	2	3	3	3	3	3	3	7	3	3	3	5	3	3	3	3	3	0	3	3	3	3	3	4	4	4	4	
G2	55444	38	27	29	29	26	41	73	74	45	34	32	31	30	32	30	27	27	26	24	23	20	19	18	19	17	15	15	15	14	12	11	12	11	11	10	9	10	9	8	6	8	8	7	7	6	6	6	6	7	7	5	5	4	6	6	4	6	6	2	2	5	5	3	0	0	3	6	6	7	6	3	0	0	0	3	3	3	3	3	3	0	0	3	0	4	4	4	4	
G3	59851	42	27	27	22	28	42	73	77	42	30	27	28	26	29	25	24	23	23	19	21	17	18	17	16	16	15	14	14	11	12	12	10	9	10	10	9	9	8	8	8	7	7	5	7	6	6	5	6	5	3	5	4	5	4	2	2	2	0	0	0	2	0	3	0	0	3	6	3	-3	0	0	6	8	5	3	3	3	3	8	3	0	0	-3	-3	0	0	0	4	
G4	55721	42	27	24	27	24	40	71	75	43	30	31	31	28	29	27	25	23	22	20	21	19	18	19	17	16	15	15	13	11	12	12	11	11	10	10	10	9	9	9	8	7	7	7	6	7	4	6	5	7	5	5	7	5	8	8	6	6	0	4	7	10	5	5	0	8	3	-3	7	-3	3	3	0	-3	5	8	0	3	3	8	0	0	6	6	-3	-4	4	0	9	
H1	57428	42	27	24	24	26	39	75	76	44	31	31	30	31	29	29	31	27	28	26	22	24	25	24	22	23	20	21	20	17	15	16	15	14	16	12	13	12	11	10	11	11	10	8	9	9	7	8	6	5	5	5	2	2	4	8	0	4	9	0	7	0	8	3	0	3	0	-3	10	3	-3	3	0	8	3	3	5	3	3	3	0	3	-3	7	-3	7	0	4	-4	
H2	56641	50	41	48	68	92	171	323	610	988	1378	1591	1561	1502	1478	1529	1503	1374	1178	969	797	737	692	615	515	415	344	291	256	216	181	147	126	103	88	72	63	56	45	40	35	30	27	22	21	19	15	15	13	15	10	10	11	9	8	6	6	8	9	7	9	2	8	5	0	11	6	3	10	0	10	6	9	0	5	5	3	0	5	6	-3	9	-3	10	-3	11	0	4	8	
H3	55349	42	27	27	27	30	44	79	85	63	64	66	70	70	66	68	70	67	58	51	43	45	45	39	36	33	30	30	28	26	23	21	21	19	18	16	15	14	14	11	12	11	11	10	10	9	7	8	8	7	7	7	4	2	2	4	4	10	2	0	7	7	-3	3	5	0	3	3	3	10	3	3	6	0	8	0	0	3	3	3	0	6	0	0	10	-4	4	4	0	
H4	104146	54	49	56	54	56	71	104	120	87	77	79	76	78	75	74	73	72	66	56	50	54	52	48	46	44	40	36	34	33	32	28	27	26	23	23	20	20	18	17	16	16	15	12	13	12	10	11	9	10	8	9	5	6	8	12	4	4	9	9	2	10	0	5	14	-3	6	6	7	3	-3	3	9	-3	8	-3	3	5	0	0	9	-3	3	6	3	7	4	4	9	
