Procedure Summary

Plate Type	Costar 96 black opaque
Read	Read:  FRET Read (F) 280,350, 280,480, 350,480

Data Reduction Summary

Transformation	Fret1

FRET Read:280,350
	1	2	3	4	5	6	7	8	9	10	11	12
A	45553	23196	22079	24446	24652	32705	20446	18727	18524	18072	41625	48652	FRET Read:280,350
B	48955	24521	24276	26098	27616	43086	23302	21679	22841	22085	34495	24458	FRET Read:280,350
C	50003	25324	24972	25057	25766	44752	23890	23677	24133	24961	31073	25245	FRET Read:280,350
D	49738	25606	24741	26617	26335	47696	24387	23965	26216	27101	28603	28503	FRET Read:280,350
E	49938	25956	24762	26628	26882	47443	24430	24458	25016	25870	27555	28243	FRET Read:280,350
F	49882	24951	25975	25720	25176	49816	25020	24692	25336	26418	28590	30263	FRET Read:280,350
G	49123	24618	24981	25270	25160	51403	25006	23934	26296	27239	29618	28368	FRET Read:280,350
H	50217	24436	24032	26411	26277	52233	26469	26589	27066	27252	28962	28937	FRET Read:280,350

FRET Read:280,480
	1	2	3	4	5	6	7	8	9	10	11	12
A	25984	6374	5530	6538	5336	47677	16820	19439	20236	19638	57085	4381	FRET Read:280,480
B	14357	4817	4522	4465	4195	29460	12110	11601	11696	11901	30495	3960	FRET Read:280,480
C	9441	4813	4031	4334	4038	18070	8069	7097	7337	7716	16345	3926	FRET Read:280,480
D	7424	4359	3958	4044	3901	11349	6767	5067	4973	5907	9183	3668	FRET Read:280,480
E	5908	4097	3791	3851	3702	8277	5890	3901	4717	5007	6831	3215	FRET Read:280,480
F	5333	3619	3700	3640	3970	6735	5156	4099	3991	3836	4798	3524	FRET Read:280,480
G	4962	4380	3985	3983	3955	6193	5148	3553	4345	3911	4032	3901	FRET Read:280,480
H	5105	4010	3841	3914	3326	5426	4708	4102	3563	3877	3798	3694	FRET Read:280,480

FRET Read:350,480
	1	2	3	4	5	6	7	8	9	10	11	12
A	21568	10259	11903	11811	11699	26228	13721	16712	14666	15242	77984	6653	FRET Read:350,480
B	12584	8798	7912	9143	8310	16813	11203	10604	11763	9928	40814	6529	FRET Read:350,480
C	9799	8360	7744	7635	8308	12477	9403	8235	8317	8404	22790	6525	FRET Read:350,480
D	8763	6836	7127	7198	6985	9093	7660	7157	7088	7687	14333	6278	FRET Read:350,480
E	7083	6827	6217	6405	6463	7836	7081	6957	6972	6471	10223	5902	FRET Read:350,480
F	7233	6697	7044	6646	6226	6735	6964	6060	6454	5854	8884	5913	FRET Read:350,480
G	6895	6948	6825	6497	6046	7447	8056	6216	6265	6224	6594	6454	FRET Read:350,480
H	6018	7057	6552	6636	6879	7076	6615	6558	6418	6177	6337	5912	FRET Read:350,480

Fret1
	1	2	3	4	5	6	7	8	9	10	11	12
A	0.363	0.216	0.2	0.211	0.178	0.593	0.451	0.509	0.522	0.521	0.578	0.083	Fret1
B	0.227	0.164	0.157	0.146	0.132	0.406	0.342	0.349	0.339	0.35	0.469	0.139	Fret1
C	0.159	0.16	0.139	0.147	0.135	0.288	0.252	0.231	0.233	0.236	0.345	0.135	Fret1
D	0.13	0.145	0.138	0.132	0.129	0.192	0.217	0.175	0.159	0.179	0.243	0.114	Fret1
E	0.106	0.136	0.133	0.126	0.121	0.149	0.194	0.138	0.159	0.162	0.199	0.102	Fret1
F	0.097	0.127	0.125	0.124	0.136	0.119	0.171	0.142	0.136	0.127	0.144	0.104	Fret1
G	0.092	0.151	0.138	0.136	0.136	0.108	0.171	0.129	0.142	0.126	0.12	0.121	Fret1
H	0.092	0.141	0.138	0.129	0.112	0.094	0.151	0.134	0.116	0.125	0.116	0.113	Fret1

