Procedure Summary

Plate Type	Costar 96 black opaque
Read	Read:  FRET Read (F) 280,350, 280,480, 350,480

Data Reduction Summary

Transformation	Fret1

FRET Read:280,350
	1	2	3	4	5	6	7	8	9	10	11	12
A	44013	23861	23083	23790	24121	31905	20470	19212	18399	17993	41593	46236	FRET Read:280,350
B	46540	25371	24952	26023	26827	41827	24217	21965	22512	22513	34239	25865	FRET Read:280,350
C	48093	25842	25838	25221	25197	43474	24329	24337	24417	24482	30516	26483	FRET Read:280,350
D	46882	25938	25545	26729	26334	45165	24633	25340	25954	26903	28285	28378	FRET Read:280,350
E	47444	26523	25572	25871	26248	45206	24753	25356	25426	25985	27090	27716	FRET Read:280,350
F	47467	24701	26462	26034	25755	48022	25571	26029	25470	25970	27652	29771	FRET Read:280,350
G	47206	25063	26107	25355	25483	48919	25412	25799	26455	26788	28409	28019	FRET Read:280,350
H	47030	24815	25127	26198	25622	49485	26557	27676	26959	26891	28876	28971	FRET Read:280,350

FRET Read:280,480
	1	2	3	4	5	6	7	8	9	10	11	12
A	21641	6650	5117	5087	5046	41131	16045	17061	16349	16960	49534	3604	FRET Read:280,480
B	12007	4556	4048	4047	4183	23890	10981	8938	9693	9613	27087	3366	FRET Read:280,480
C	7894	4256	3575	3578	3664	14321	8141	6661	6654	6589	14064	3333	FRET Read:280,480
D	6032	3670	3435	3430	3337	9708	6299	4376	4483	4899	8583	3333	FRET Read:280,480
E	4918	3426	3489	3447	3351	6840	5008	3454	3566	3793	5806	2919	FRET Read:280,480
F	4577	3530	3139	3296	3092	5992	4270	3465	3214	3313	4230	3182	FRET Read:280,480
G	4346	3165	3257	3265	3345	5326	3965	3121	3150	3549	3706	3012	FRET Read:280,480
H	4487	3324	3064	3422	3094	5403	4154	3221	3354	3487	3340	3063	FRET Read:280,480

FRET Read:350,480
	1	2	3	4	5	6	7	8	9	10	11	12
A	14309	8317	7149	7575	7449	17115	9800	9872	10630	9721	48084	4100	FRET Read:350,480
B	8817	6107	6071	5984	5854	11107	7708	6399	7002	6613	26591	3987	FRET Read:350,480
C	6190	6053	4887	5244	5748	7583	5821	5046	5264	5887	14711	4182	FRET Read:350,480
D	5805	4974	4398	4541	4507	5796	5649	4220	4659	4361	8633	3652	FRET Read:350,480
E	4604	5048	4387	4537	4141	5241	4958	4233	4305	4105	6286	3986	FRET Read:350,480
F	4507	4543	4328	4116	4294	4938	4583	3894	3839	3872	5024	4068	FRET Read:350,480
G	4020	4466	3734	4223	4192	4355	4749	4150	3843	3889	4538	4162	FRET Read:350,480
H	4315	4134	4151	4083	3976	4281	4485	4065	4262	4213	3781	3898	FRET Read:350,480

Fret1
	1	2	3	4	5	6	7	8	9	10	11	12
A	0.33	0.218	0.181	0.176	0.173	0.563	0.439	0.47	0.471	0.485	0.544	0.072	Fret1
B	0.205	0.152	0.14	0.135	0.135	0.364	0.312	0.289	0.301	0.299	0.442	0.115	Fret1
C	0.141	0.141	0.122	0.124	0.127	0.248	0.251	0.215	0.214	0.212	0.315	0.112	Fret1
D	0.114	0.124	0.119	0.114	0.112	0.177	0.204	0.147	0.147	0.154	0.233	0.105	Fret1
E	0.094	0.114	0.12	0.118	0.113	0.131	0.168	0.12	0.123	0.127	0.176	0.095	Fret1
F	0.088	0.125	0.106	0.112	0.107	0.111	0.143	0.117	0.112	0.113	0.133	0.097	Fret1
G	0.084	0.112	0.111	0.114	0.116	0.098	0.135	0.108	0.106	0.117	0.115	0.097	Fret1
H	0.087	0.118	0.109	0.116	0.108	0.098	0.135	0.104	0.111	0.115	0.104	0.096	Fret1

