Procedure Summary

Plate Type	Corning 96 well flat bottom
Shake	Shake: Medium for 3:00
Read	Read:  F280/350 100 top (F) 280,350
Read	Read:  F280/350 110 top (F) 280,350
Read	Read:  F350/480 130 top (F) 350,480
Read	Read:  F280/480 115 top (F) 280,480
Read	Read:  F280/480 135 top (F) 280,480

F280/350 100 top:280,350
	1	2	3	4	5	6	7	8	9	10	11	12
A	9407	9764	9762	10017	10122	10024							F280/350 100 top:280,350
B	22410	21456	21659	21709	22870	22497							F280/350 100 top:280,350
C	21338	20321	22037	21007	21351	21102							F280/350 100 top:280,350
D	28974	26872	28013	29975	27796	28958							F280/350 100 top:280,350
E	9724	9980	9959	10197	9969	9945							F280/350 100 top:280,350
F	12690	12533	12505	13074	12869	13148							F280/350 100 top:280,350
G	12734	12254	12343	12503	12857	12152							F280/350 100 top:280,350
H	13858	13509	13805	14211	13914	13842							F280/350 100 top:280,350

F280/350 110 top:280,350
	1	2	3	4	5	6	7	8	9	10	11	12
A	19655	20382	20521	20962	21413	21171							F280/350 110 top:280,350
B	47116	45076	45570	46065	48247	47001							F280/350 110 top:280,350
C	45163	42236	46376	44137	44509	44464							F280/350 110 top:280,350
D	61508	57171	58504	59932	58971	60794							F280/350 110 top:280,350
E	20454	20757	21066	21212	21107	20647							F280/350 110 top:280,350
F	26765	26574	26645	27726	26996	27579							F280/350 110 top:280,350
G	26934	25741	25989	26323	27207	25606							F280/350 110 top:280,350
H	29463	28448	28726	30307	28732	29224							F280/350 110 top:280,350

F350/480 130 top:350,480
	1	2	3	4	5	6	7	8	9	10	11	12
A	1207	1214	1385	1215	1256	1193							F350/480 130 top:350,480
B	1225	1234	1247	1152	1250	1269							F350/480 130 top:350,480
C	1242	1221	1250	1228	1458	1279							F350/480 130 top:350,480
D	1826	1803	1857	1327	1132	1195							F350/480 130 top:350,480
E	1246	1327	1172	1489	1214	1217							F350/480 130 top:350,480
F	2927	1198	1202	1282	1257	1314							F350/480 130 top:350,480
G	1232	1293	1244	1233	1233	1275							F350/480 130 top:350,480
H	1857	1743	1929	1286	1159	1225							F350/480 130 top:350,480

F280/480 115 top:280,480
	1	2	3	4	5	6	7	8	9	10	11	12
A	469	464	458	466	464	440							F280/480 115 top:280,480
B	631	598	587	590	626	586							F280/480 115 top:280,480
C	773	769	721	651	717	646							F280/480 115 top:280,480
D	1870	1710	1878	687	717	628							F280/480 115 top:280,480
E	470	489	463	487	450	464							F280/480 115 top:280,480
F	586	534	496	531	490	513							F280/480 115 top:280,480
G	535	525	545	523	527	552							F280/480 115 top:280,480
H	1921	1700	1934	560	514	544							F280/480 115 top:280,480

F280/480 135 top:280,480
	1	2	3	4	5	6	7	8	9	10	11	12
A	1609	1545	1532	1611	1587	1579							F280/480 135 top:280,480
B	1991	1951	2082	2114	2058	2075							F280/480 135 top:280,480
C	2404	2537	2690	2166	2476	2178							F280/480 135 top:280,480
D	6441	5941	6249	2322	2213	2301							F280/480 135 top:280,480
E	1667	1622	1650	1823	1563	1534							F280/480 135 top:280,480
F	2016	1776	1661	1878	1777	1711							F280/480 135 top:280,480
G	1869	1817	1875	1804	1833	1775							F280/480 135 top:280,480
H	6583	5749	6707	1966	1735	1722							F280/480 135 top:280,480

